<cross-s.>      1.01      1.00800000D-03    119.90    0    3
 1.25498D+04
 8.71821D+03
 3.83162D+03
<cross-s.>      1.01      2.01700000D-03    119.90    0    3
 1.01483D+04
 6.32868D+03
 3.81960D+03
<cross-s.>      1.01      5.04200000D-03    119.90    0    3
 8.11576D+03
 4.32097D+03
 3.79479D+03
<cross-s.>      1.01      1.00800000D-02    119.90    0    3
 7.19104D+03
 3.42421D+03
 3.76683D+03
<cross-s.>      1.01      2.01700000D-02    119.90    0    3
 6.64475D+03
 2.91274D+03
 3.73200D+03
<cross-s.>      1.01      5.04200000D-02    119.90    0    3
 6.33656D+03
 2.62831D+03
 3.70825D+03
<cross-s.>      1.01      1.00840000D-01    119.90    0    3
 6.31808D+03
 2.51922D+03
 3.79887D+03
<cross-s.>      1.01      2.01680000D-01    119.90    0    3
 6.45674D+03
 2.32138D+03
 4.13535D+03
<cross-s.>      1.01      3.02520000D-01    119.90    0    3
 6.61373D+03
 2.14161D+03
 4.47211D+03
<cross-s.>      1.01      4.03360000D-01    119.90    0    3
 6.74477D+03
 2.00446D+03
 4.74031D+03
<cross-s.>      1.01      5.04210000D-01    119.90    0    3
 6.83859D+03
 1.90745D+03
 4.93115D+03
<cross-s.>      1.01      6.05050000D-01    119.90    0    3
 6.89493D+03
 1.84302D+03
 5.05191D+03
<cross-s.>      1.01      7.05890000D-01    119.90    0    3
 6.91660D+03
 1.80319D+03
 5.11341D+03
<cross-s.>      1.01      8.06730000D-01    119.90    0    3
 6.90772D+03
 1.78135D+03
 5.12637D+03
<cross-s.>      1.01      9.07570000D-01    119.90    0    3
 6.87254D+03
 1.77221D+03
 5.10033D+03
<cross-s.>      1.01      1.00841000D+00    119.90    0    3
 6.81506D+03
 1.77165D+03
 5.04341D+03
<cross-s.>      1.01      1.10925000D+00    119.90    0    3
 6.73882D+03
 1.77648D+03
 4.96234D+03
<cross-s.>      1.01      1.21009000D+00    119.90    0    3
 6.64726D+03
 1.78450D+03
 4.86276D+03
<cross-s.>      1.01      1.31094000D+00    119.90    0    3
 6.54321D+03
 1.79398D+03
 4.74923D+03
<cross-s.>      1.01      1.41178000D+00    119.90    0    3
 6.42928D+03
 1.80378D+03
 4.62550D+03
<cross-s.>      1.01      1.51262000D+00    119.90    0    3
 6.30783D+03
 1.81319D+03
 4.49463D+03
<cross-s.>      1.01      1.61346000D+00    119.90    0    3
 6.18094D+03
 1.82182D+03
 4.35912D+03
<cross-s.>      1.01      1.71430000D+00    119.90    0    3
 6.05052D+03
 1.82951D+03
 4.22101D+03
<cross-s.>      1.01      1.81514000D+00    119.90    0    3
 5.91827D+03
 1.83632D+03
 4.08195D+03
<cross-s.>      1.01      1.91598000D+00    119.90    0    3
 5.78569D+03
 1.84239D+03
 3.94330D+03
<cross-s.>      1.01      2.01682000D+00    119.90    0    3
 5.65415D+03
 1.84799D+03
 3.80616D+03
<cross-s.>      1.01      2.21851000D+00    119.90    0    3
 5.39880D+03
 1.85895D+03
 3.53985D+03
<cross-s.>      1.01      2.42019000D+00    119.90    0    3
 5.16019D+03
 1.87177D+03
 3.28842D+03
<cross-s.>      1.01      2.62187000D+00    119.90    0    3
 4.94415D+03
 1.88882D+03
 3.05533D+03
<cross-s.>      1.01      2.82356000D+00    119.90    0    3
 4.75465D+03
 1.91176D+03
 2.84290D+03
<cross-s.>      1.01      3.02524000D+00    119.90    0    3
 4.59383D+03
 1.94127D+03
 2.65256D+03
<cross-s.>      1.01      3.22692000D+00    119.90    0    3
 4.46198D+03
 1.97693D+03
 2.48505D+03
<cross-s.>      1.01      3.42860000D+00    119.90    0    3
 4.35765D+03
 2.01714D+03
 2.34051D+03
<cross-s.>      1.01      3.63029000D+00    119.90    0    3
 4.27790D+03
 2.05945D+03
 2.21846D+03
<cross-s.>      1.01      3.83197000D+00    119.90    0    3
 4.21880D+03
 2.10091D+03
 2.11789D+03
<cross-s.>      1.01      4.03365000D+00    119.90    0    3
 4.17597D+03
 2.13870D+03
 2.03727D+03
<cross-s.>      1.01      4.53786000D+00    119.90    0    3
 4.11457D+03
 2.20445D+03
 1.91012D+03
<cross-s.>      1.01      5.04206000D+00    119.90    0    3
 4.08686D+03
 2.22325D+03
 1.86361D+03
<cross-s.>      1.01      5.54627000D+00    119.90    0    3
 4.07643D+03
 2.20615D+03
 1.87028D+03
<cross-s.>      1.01      6.05047000D+00    119.90    0    3
 4.08073D+03
 2.17026D+03
 1.91047D+03
<cross-s.>      1.01      6.55468000D+00    119.90    0    3
 4.10064D+03
 2.12975D+03
 1.97089D+03
<cross-s.>      1.01      7.05889000D+00    119.90    0    3
 4.13656D+03
 2.09383D+03
 2.04273D+03
<cross-s.>      1.01      7.56309000D+00    119.90    0    3
 4.18722D+03
 2.06709D+03
 2.12013D+03
<cross-s.>      1.01      8.06730000D+00    119.90    0    3
 4.24956D+03
 2.05051D+03
 2.19904D+03
<cross-s.>      1.01      8.57151000D+00    119.90    0    3
 4.31912D+03
 2.04265D+03
 2.27646D+03
<cross-s.>      1.01      9.07571000D+00    119.90    0    3
 4.39075D+03
 2.04074D+03
 2.35001D+03
<cross-s.>      1.01      9.57992000D+00    119.90    0    3
 4.45946D+03
 2.04177D+03
 2.41769D+03
<cross-s.>      1.01      1.00841200D+01    119.90    0    3
 4.52123D+03
 2.04334D+03
 2.47788D+03
<cross-s.>      1.01      1.05883300D+01    119.90    0    3
 4.57338D+03
 2.04403D+03
 2.52935D+03
<cross-s.>      1.01      1.10925400D+01    119.90    0    3
 4.61459D+03
 2.04327D+03
 2.57132D+03
<cross-s.>      1.01      1.15967400D+01    119.90    0    3
 4.64442D+03
 2.04099D+03
 2.60343D+03
<cross-s.>      1.01      1.21009500D+01    119.90    0    3
 4.66294D+03
 2.03727D+03
 2.62568D+03
<cross-s.>      1.01      1.26051500D+01    119.90    0    3
 4.67055D+03
 2.03219D+03
 2.63837D+03
<cross-s.>      1.01      1.31093600D+01    119.90    0    3
 4.66786D+03
 2.02586D+03
 2.64200D+03
<cross-s.>      1.01      1.36135700D+01    119.90    0    3
 4.65574D+03
 2.01852D+03
 2.63722D+03
<cross-s.>      1.01      1.41177700D+01    119.90    0    3
 4.63528D+03
 2.01050D+03
 2.62478D+03
<cross-s.>      1.01      1.46219800D+01    119.90    0    3
 4.60770D+03
 2.00223D+03
 2.60548D+03
<cross-s.>      1.01      1.51261900D+01    119.90    0    3
 4.57424D+03
 1.99409D+03
 2.58015D+03
<cross-s.>      1.01      1.56303900D+01    119.90    0    3
 4.53606D+03
 1.98644D+03
 2.54962D+03
<cross-s.>      1.01      1.61346000D+01    119.90    0    3
 4.49420D+03
 1.97952D+03
 2.51468D+03
<cross-s.>      1.01      1.66388100D+01    119.90    0    3
 4.44955D+03
 1.97345D+03
 2.47610D+03
<cross-s.>      1.01      1.71430100D+01    119.90    0    3
 4.40287D+03
 1.96831D+03
 2.43456D+03
<cross-s.>      1.01      1.76472200D+01    119.90    0    3
 4.35480D+03
 1.96407D+03
 2.39073D+03
<cross-s.>      1.01      1.81514200D+01    119.90    0    3
 4.30588D+03
 1.96068D+03
 2.34520D+03
<cross-s.>      1.01      1.86556300D+01    119.90    0    3
 4.25650D+03
 1.95799D+03
 2.29851D+03
<cross-s.>      1.01      1.91598400D+01    119.90    0    3
 4.20696D+03
 1.95580D+03
 2.25116D+03
<cross-s.>      1.01      1.96640400D+01    119.90    0    3
 4.15745D+03
 1.95387D+03
 2.20358D+03
<cross-s.>      1.01      2.01682500D+01    119.90    0    3
 4.10804D+03
 1.95190D+03
 2.15614D+03
<cross-s.>      1.01      2.01680000D-01    119.91   49    1
 1.43250D-35
<cross-s.>      1.01      3.02520000D-01    119.91   49    1
 9.27103D-27
<cross-s.>      1.01      4.03360000D-01    119.91   49    1
 1.07941D-21
<cross-s.>      1.01      5.04200000D-01    119.91   49    1
 2.80075D-18
<cross-s.>      1.01      6.05040000D-01    119.91   49    1
 9.10070D-16
<cross-s.>      1.01      7.05880000D-01    119.91   49    1
 8.03945D-14
<cross-s.>      1.01      8.06720000D-01    119.91   49    1
 2.94674D-12
<cross-s.>      1.01      9.07560000D-01    119.91   49    1
 5.77117D-11
<cross-s.>      1.01      1.00840000D+00    119.91   49    1
 7.09893D-10
<cross-s.>      1.01      1.10925000D+00    119.91   49    1
 6.11584D-09
<cross-s.>      1.01      1.21009000D+00    119.91   49    1
 3.98085D-08
<cross-s.>      1.01      1.31093000D+00    119.91   49    1
 2.06930D-07
<cross-s.>      1.01      1.41177000D+00    119.91   49    1
 8.95045D-07
<cross-s.>      1.01      1.51261000D+00    119.91   49    1
 3.32374D-06
<cross-s.>      1.01      1.61345000D+00    119.91   49    1
 1.08581D-05
<cross-s.>      1.01      1.71429000D+00    119.91   49    1
 3.18057D-05
<cross-s.>      1.01      1.81513000D+00    119.91   49    1
 8.48374D-05
<cross-s.>      1.01      1.91597000D+00    119.91   49    1
 2.08656D-04
<cross-s.>      1.01      2.01681000D+00    119.91   49    1
 4.78072D-04
<cross-s.>      1.01      2.21849000D+00    119.91   49    1
 2.09644D-03
<cross-s.>      1.01      2.42017000D+00    119.91   49    1
 7.54462D-03
<cross-s.>      1.01      2.62185000D+00    119.91   49    1
 2.31546D-02
<cross-s.>      1.01      2.82353000D+00    119.91   49    1
 6.23523D-02
<cross-s.>      1.01      3.02522000D+00    119.91   49    1
 1.50552D-01
<cross-s.>      1.01      3.22690000D+00    119.91   49    1
 3.31401D-01
<cross-s.>      1.01      3.42858000D+00    119.91   49    1
 6.73851D-01
<cross-s.>      1.01      3.63026000D+00    119.91   49    1
 1.27896D+00
<cross-s.>      1.01      3.83194000D+00    119.91   49    1
 2.28473D+00
<cross-s.>      1.01      4.03362000D+00    119.91   49    1
 3.86784D+00
<cross-s.>      1.01      4.53782000D+00    119.91   49    1
 1.17985D+01
<cross-s.>      1.01      5.04203000D+00    119.91   49    1
 2.83613D+01
<cross-s.>      1.01      5.54623000D+00    119.91   49    1
 5.62835D+01
<cross-s.>      1.01      6.05043000D+00    119.91   49    1
 9.59561D+01
<cross-s.>      1.01      6.55463000D+00    119.91   49    1
 1.45876D+02
<cross-s.>      1.01      7.05884000D+00    119.91   49    1
 2.04256D+02
<cross-s.>      1.01      7.56304000D+00    119.91   49    1
 2.69757D+02
<cross-s.>      1.01      8.06724000D+00    119.91   49    1
 3.41029D+02
<cross-s.>      1.01      8.57144000D+00    119.91   49    1
 4.16181D+02
<cross-s.>      1.01      9.07564000D+00    119.91   49    1
 4.92955D+02
<cross-s.>      1.01      9.57985000D+00    119.91   49    1
 5.69236D+02
<cross-s.>      1.01      1.00840500D+01    119.91   49    1
 6.43456D+02
<cross-s.>      1.01      1.05882500D+01    119.91   49    1
 7.14507D+02
<cross-s.>      1.01      1.10924500D+01    119.91   49    1
 7.81424D+02
<cross-s.>      1.01      1.15966600D+01    119.91   49    1
 8.43260D+02
<cross-s.>      1.01      1.21008600D+01    119.91   49    1
 8.99242D+02
<cross-s.>      1.01      1.26050600D+01    119.91   49    1
 9.49046D+02
<cross-s.>      1.01      1.31092600D+01    119.91   49    1
 9.92924D+02
<cross-s.>      1.01      1.36134700D+01    119.91   49    1
 1.03163D+03
<cross-s.>      1.01      1.41176700D+01    119.91   49    1
 1.06619D+03
<cross-s.>      1.01      1.46218700D+01    119.91   49    1
 1.09765D+03
<cross-s.>      1.01      1.51260700D+01    119.91   49    1
 1.12688D+03
<cross-s.>      1.01      1.56302800D+01    119.91   49    1
 1.15448D+03
<cross-s.>      2.01      2.03390000D-01    118.91   49    1
 7.33276D-51
<cross-s.>      2.01      3.05080000D-01    118.91   49    1
 6.66266D-39
<cross-s.>      2.01      4.06780000D-01    118.91   49    1
 8.38277D-32
<cross-s.>      2.01      5.08470000D-01    118.91   49    1
 2.33660D-26
<cross-s.>      2.01      6.10160000D-01    118.91   49    1
 8.28492D-23
<cross-s.>      2.01      7.11860000D-01    118.91   49    1
 4.64436D-20
<cross-s.>      2.01      8.13550000D-01    118.91   49    1
 7.47927D-18
<cross-s.>      2.01      9.15240000D-01    118.91   49    1
 4.95267D-16
<cross-s.>      2.01      1.01694000D+00    118.91   49    1
 1.69598D-14
<cross-s.>      2.01      1.11863000D+00    118.91   49    1
 3.50132D-13
<cross-s.>      2.01      1.22033000D+00    118.91   49    1
 4.85808D-12
<cross-s.>      2.01      1.32202000D+00    118.91   49    1
 4.89659D-11
<cross-s.>      2.01      1.42371000D+00    118.91   49    1
 3.80150D-10
<cross-s.>      2.01      1.52541000D+00    118.91   49    1
 2.37692D-09
<cross-s.>      2.01      1.62710000D+00    118.91   49    1
 1.23853D-08
<cross-s.>      2.01      1.72880000D+00    118.91   49    1
 5.52876D-08
<cross-s.>      2.01      1.83049000D+00    118.91   49    1
 2.16049D-07
<cross-s.>      2.01      1.93218000D+00    118.91   49    1
 7.52466D-07
<cross-s.>      2.01      2.03388000D+00    118.91   49    1
 2.37045D-06
<cross-s.>      2.01      2.23727000D+00    118.91   49    1
 1.82318D-05
<cross-s.>      2.01      2.44065000D+00    118.91   49    1
 1.06056D-04
<cross-s.>      2.01      2.64404000D+00    118.91   49    1
 4.93151D-04
<cross-s.>      2.01      2.84743000D+00    118.91   49    1
 1.90971D-03
<cross-s.>      2.01      3.05082000D+00    118.91   49    1
 6.35503D-03
<cross-s.>      2.01      3.25420000D+00    118.91   49    1
 1.86211D-02
<cross-s.>      2.01      3.45759000D+00    118.91   49    1
 4.89849D-02
<cross-s.>      2.01      3.66098000D+00    118.91   49    1
 1.17489D-01
<cross-s.>      2.01      3.86437000D+00    118.91   49    1
 2.60187D-01
<cross-s.>      2.01      4.06776000D+00    118.91   49    1
 5.37555D-01
<cross-s.>      2.01      4.57622000D+00    118.91   49    1
 2.56562D+00
<cross-s.>      2.01      5.08469000D+00    118.91   49    1
 9.20683D+00
<cross-s.>      2.01      5.59316000D+00    118.91   49    1
 2.63973D+01
<cross-s.>      2.01      6.10163000D+00    118.91   49    1
 6.25237D+01
<cross-s.>      2.01      6.61010000D+00    118.91   49    1
 1.24343D+02
<cross-s.>      2.01      7.11857000D+00    118.91   49    1
 2.10699D+02
<cross-s.>      2.01      7.62704000D+00    118.91   49    1
 3.12015D+02
<cross-s.>      2.01      8.13551000D+00    118.91   49    1
 4.17670D+02
<cross-s.>      2.01      8.64398000D+00    118.91   49    1
 5.21185D+02
<cross-s.>      2.01      9.15245000D+00    118.91   49    1
 6.19186D+02
<cross-s.>      2.01      9.66092000D+00    118.91   49    1
 7.09994D+02
<cross-s.>      2.01      1.01693900D+01    118.91   49    1
 7.93584D+02
<cross-s.>      2.01      1.06778600D+01    118.91   49    1
 8.70882D+02
<cross-s.>      2.01      1.11863300D+01    118.91   49    1
 9.42544D+02
<cross-s.>      2.01      1.16947900D+01    118.91   49    1
 1.00866D+03
<cross-s.>      3.02      2.05120000D-01    117.91   49    1
 5.62536D-62
<cross-s.>      3.02      3.07670000D-01    117.91   49    1
 1.98017D-47
<cross-s.>      3.02      4.10230000D-01    117.91   49    1
 9.04546D-39
<cross-s.>      3.02      5.12790000D-01    117.91   49    1
 6.92350D-33
<cross-s.>      3.02      6.15350000D-01    117.91   49    1
 5.00771D-28
<cross-s.>      3.02      7.17910000D-01    117.91   49    1
 1.11189D-24
<cross-s.>      3.02      8.20460000D-01    117.91   49    1
 5.38966D-22
<cross-s.>      3.02      9.23020000D-01    117.91   49    1
 8.84276D-20
<cross-s.>      3.02      1.02558000D+00    117.91   49    1
 6.49063D-18
<cross-s.>      3.02      1.12814000D+00    117.91   49    1
 2.57282D-16
<cross-s.>      3.02      1.23070000D+00    117.91   49    1
 6.28443D-15
<cross-s.>      3.02      1.33325000D+00    117.91   49    1
 1.04055D-13
<cross-s.>      3.02      1.43581000D+00    117.91   49    1
 1.25474D-12
<cross-s.>      3.02      1.53837000D+00    117.91   49    1
 1.16293D-11
<cross-s.>      3.02      1.64093000D+00    117.91   49    1
 8.64069D-11
<cross-s.>      3.02      1.74349000D+00    117.91   49    1
 5.32110D-10
<cross-s.>      3.02      1.84604000D+00    117.91   49    1
 2.78893D-09
<cross-s.>      3.02      1.94860000D+00    117.91   49    1
 1.27179D-08
<cross-s.>      3.02      2.05116000D+00    117.91   49    1
 5.13566D-08
<cross-s.>      3.02      2.25628000D+00    117.91   49    1
 6.15521D-07
<cross-s.>      3.02      2.46139000D+00    117.91   49    1
 5.26559D-06
<cross-s.>      3.02      2.66651000D+00    117.91   49    1
 3.43809D-05
<cross-s.>      3.02      2.87162000D+00    117.91   49    1
 1.80026D-04
<cross-s.>      3.02      3.07674000D+00    117.91   49    1
 7.85167D-04
<cross-s.>      3.02      3.28186000D+00    117.91   49    1
 2.93675D-03
<cross-s.>      3.02      3.48697000D+00    117.91   49    1
 9.63428D-03
<cross-s.>      3.02      3.69209000D+00    117.91   49    1
 2.82675D-02
<cross-s.>      3.02      3.89720000D+00    117.91   49    1
 7.52478D-02
<cross-s.>      3.02      4.10232000D+00    117.91   49    1
 1.83978D-01
<cross-s.>      3.02      4.61511000D+00    117.91   49    1
 1.26020D+00
<cross-s.>      3.02      5.12790000D+00    117.91   49    1
 6.02303D+00
<cross-s.>      3.02      5.64069000D+00    117.91   49    1
 2.14794D+01
<cross-s.>      3.02      6.15348000D+00    117.91   49    1
 5.91742D+01
<cross-s.>      3.02      6.66627000D+00    117.91   49    1
 1.28834D+02
<cross-s.>      3.02      7.17906000D+00    117.91   49    1
 2.29112D+02
<cross-s.>      3.02      7.69185000D+00    117.91   49    1
 3.48292D+02
<cross-s.>      3.02      8.20464000D+00    117.91   49    1
 4.72693D+02
<cross-s.>      3.02      8.71743000D+00    117.91   49    1
 5.93393D+02
<cross-s.>      3.02      9.23022000D+00    117.91   49    1
 7.06535D+02
<cross-s.>      3.02      9.74301000D+00    117.91   49    1
 8.10180D+02
<cross-s.>      3.02      4.10230000D-01    117.91   96    1
 1.29403D-54
<cross-s.>      3.02      5.12790000D-01    117.91   96    1
 5.43340D-43
<cross-s.>      3.02      6.15350000D-01    117.91   96    1
 3.18298D-64
<cross-s.>      3.02      7.17910000D-01    117.91   96    1
 1.33274D-57
<cross-s.>      3.02      8.20460000D-01    117.91   96    1
 2.77065D-52
<cross-s.>      3.02      9.23020000D-01    117.91   96    1
 6.13311D-48
<cross-s.>      3.02      1.02558000D+00    117.91   96    1
 3.06009D-44
<cross-s.>      3.02      1.12814000D+00    117.91   96    1
 4.51269D-41
<cross-s.>      3.02      1.23070000D+00    117.91   96    1
 2.55180D-38
<cross-s.>      3.02      1.33325000D+00    117.91   96    1
 6.67787D-36
<cross-s.>      3.02      1.43581000D+00    117.91   96    1
 2.84982D-33
<cross-s.>      3.02      1.53837000D+00    117.91   96    1
 4.68122D-31
<cross-s.>      3.02      1.64093000D+00    117.91   96    1
 2.51262D-29
<cross-s.>      3.02      1.74349000D+00    117.91   96    1
 9.27079D-28
<cross-s.>      3.02      1.84604000D+00    117.91   96    1
 2.48253D-26
<cross-s.>      3.02      1.94860000D+00    117.91   96    1
 5.03998D-25
<cross-s.>      3.02      2.05116000D+00    117.91   96    1
 8.03343D-24
<cross-s.>      3.02      2.25628000D+00    117.91   96    1
 1.10613D-21
<cross-s.>      3.02      2.46139000D+00    117.91   96    1
 7.78603D-20
<cross-s.>      3.02      2.66651000D+00    117.91   96    1
 3.20245D-18
<cross-s.>      3.02      2.87162000D+00    117.91   96    1
 8.49736D-17
<cross-s.>      3.02      3.07674000D+00    117.91   96    1
 1.56951D-15
<cross-s.>      3.02      3.28186000D+00    117.91   96    1
 2.14009D-14
<cross-s.>      3.02      3.48697000D+00    117.91   96    1
 2.25667D-13
<cross-s.>      3.02      3.69209000D+00    117.91   96    1
 1.91081D-12
<cross-s.>      3.02      3.89720000D+00    117.91   96    1
 1.33899D-11
<cross-s.>      3.02      4.10232000D+00    117.91   96    1
 7.96294D-11
<cross-s.>      3.02      4.61511000D+00    117.91   96    1
 3.80508D-09
<cross-s.>      3.02      5.12790000D+00    117.91   96    1
 9.38203D-08
<cross-s.>      3.02      5.64069000D+00    117.91   96    1
 1.40521D-06
<cross-s.>      3.02      6.15348000D+00    117.91   96    1
 1.43183D-05
<cross-s.>      3.02      6.66627000D+00    117.91   96    1
 1.07637D-04
<cross-s.>      3.02      7.17906000D+00    117.91   96    1
 6.33588D-04
<cross-s.>      3.02      7.69185000D+00    117.91   96    1
 3.05354D-03
<cross-s.>      3.02      8.20464000D+00    117.91   96    1
 1.24655D-02
<cross-s.>      3.02      8.71743000D+00    117.91   96    1
 4.42498D-02
<cross-s.>      3.02      9.23022000D+00    117.91   96    1
 1.39407D-01
<cross-s.>      4.00      4.13690000D-01    116.91   96    1
 6.94092D-69
<cross-s.>      4.00      5.17120000D-01    116.91   96    1
 1.62975D-55
<cross-s.>      4.00      6.20540000D-01    116.91   96    1
 1.00990D-45
<cross-s.>      4.00      7.23970000D-01    116.91   96    1
 8.50064D-68
<cross-s.>      4.00      8.27390000D-01    116.91   96    1
 8.17414D-62
<cross-s.>      4.00      9.30810000D-01    116.91   96    1
 1.41267D-56
<cross-s.>      4.00      1.03424000D+00    116.91   96    1
 1.78974D-52
<cross-s.>      4.00      1.13766000D+00    116.91   96    1
 8.92145D-49
<cross-s.>      4.00      1.24108000D+00    116.91   96    1
 1.20674D-45
<cross-s.>      4.00      1.34451000D+00    116.91   96    1
 3.86691D-43
<cross-s.>      4.00      1.44793000D+00    116.91   96    1
 1.58521D-40
<cross-s.>      4.00      1.55136000D+00    116.91   96    1
 2.31545D-38
<cross-s.>      4.00      1.65478000D+00    116.91   96    1
 3.85063D-36
<cross-s.>      4.00      1.75820000D+00    116.91   96    1
 4.85778D-34
<cross-s.>      4.00      1.86163000D+00    116.91   96    1
 2.08692D-32
<cross-s.>      4.00      1.96505000D+00    116.91   96    1
 6.59798D-31
<cross-s.>      4.00      2.06848000D+00    116.91   96    1
 1.59566D-29
<cross-s.>      4.00      2.27532000D+00    116.91   96    1
 4.55044D-27
<cross-s.>      4.00      2.48217000D+00    116.91   96    1
 6.45229D-25
<cross-s.>      4.00      2.68902000D+00    116.91   96    1
 4.78985D-23
<cross-s.>      4.00      2.89587000D+00    116.91   96    1
 2.24222D-21
<cross-s.>      4.00      3.10271000D+00    116.91   96    1
 6.62959D-20
<cross-s.>      4.00      3.30956000D+00    116.91   96    1
 1.54020D-18
<cross-s.>      4.00      3.51641000D+00    116.91   96    1
 2.68350D-17
<cross-s.>      4.00      3.72326000D+00    116.91   96    1
 3.67828D-16
<cross-s.>      4.00      3.93010000D+00    116.91   96    1
 4.05109D-15
<cross-s.>      4.00      4.13695000D+00    116.91   96    1
 3.70782D-14
<cross-s.>      4.00      4.65407000D+00    116.91   96    1
 4.85939D-12
<cross-s.>      4.00      5.17119000D+00    116.91   96    1
 3.00126D-10
<cross-s.>      4.00      5.68831000D+00    116.91   96    1
 1.02236D-08
<cross-s.>      4.00      6.20543000D+00    116.91   96    1
 2.06900D-07
<cross-s.>      4.00      6.72254000D+00    116.91   96    1
 2.63624D-06
<cross-s.>      4.00      7.23966000D+00    116.91   96    1
 2.32997D-05
<cross-s.>      4.00      7.75678000D+00    116.91   96    1
 1.58676D-04
<cross-s.>      4.00      8.27390000D+00    116.91   96    1
 8.95020D-04
<cross-s.>      4.00      8.79102000D+00    116.91   96    1
 4.37049D-03
<cross-s.>      4.00      9.30814000D+00    116.91   96    1
 1.90290D-02
<cross-s.>      4.00      9.82526000D+00    116.91   96    1
 7.56523D-02
<cross-s.>      4.00      1.03423700D+01    116.91   96    1
 2.86673D-01
<cross-s.>      4.00      1.08594900D+01    116.91   96    1
 1.22036D+00
<cross-s.>      4.00      1.13766100D+01    116.91   96    1
 3.59015D+00
<cross-s.>      4.00      1.18937300D+01    116.91   96    1
 9.09687D+00
<cross-s.>      4.00      1.24108500D+01    116.91   96    1
 2.07181D+01
<cross-s.>      4.00      1.29279700D+01    116.91   96    1
 4.24198D+01
<cross-s.>      4.00      1.34450900D+01    116.91   96    1
 7.77820D+01
<cross-s.>      4.00      1.39622000D+01    116.91   96    1
 1.26979D+02
<cross-s.>      4.00      1.44793200D+01    116.91   96    1
 1.85849D+02
<cross-s.>      4.00      1.49964400D+01    116.91   96    1
 2.52838D+02
<cross-s.>      4.00      1.55135600D+01    116.91   96    1
 3.24106D+02
<cross-s.>      4.00      1.60306800D+01    116.91   96    1
 3.96662D+02
<cross-s.>      4.00      1.65478000D+01    116.91   96    1
 4.68396D+02
<cross-s.>      4.00      1.70649200D+01    116.91   96    1
 5.38164D+02
<cross-s.>      4.00      1.75820400D+01    116.91   96    1
 6.05247D+02
<cross-s.>      4.00      1.80991600D+01    116.91   96    1
 6.69444D+02
<cross-s.>      4.00      1.86162700D+01    116.91   96    1
 7.30629D+02
<cross-s.>      4.00      1.91333900D+01    116.91   96    1
 7.88860D+02
<cross-s.>      4.00      1.96505100D+01    116.91   96    1
 8.44246D+02
<cross-s.>      4.00      2.01676300D+01    116.91   96    1
 8.96922D+02
<cross-s.>      4.00      2.06847500D+01    116.91   96    1
 9.47056D+02
<cross-s.>      4.00      2.17189900D+01    116.91   96    1
 1.04029D+03
