<cross-s.>      1.01      1.01100000D-03     92.91    0    3
 1.15935D+04
 6.23687D+03
 5.35663D+03
<cross-s.>      1.01      2.02200000D-03     92.91    0    3
 1.00523D+04
 4.70925D+03
 5.34304D+03
<cross-s.>      1.01      5.05400000D-03     92.91    0    3
 8.86453D+03
 3.55181D+03
 5.31272D+03
<cross-s.>      1.01      1.01100000D-02     92.91    0    3
 8.46597D+03
 3.19184D+03
 5.27413D+03
<cross-s.>      1.01      2.02200000D-02     92.91    0    3
 8.43567D+03
 3.22083D+03
 5.21484D+03
<cross-s.>      1.01      5.05400000D-02     92.91    0    3
 8.93038D+03
 3.82487D+03
 5.10551D+03
<cross-s.>      1.01      1.01090000D-01     92.91    0    3
 9.63440D+03
 4.58077D+03
 5.05363D+03
<cross-s.>      1.01      2.02170000D-01     92.91    0    3
 1.01979D+04
 5.03702D+03
 5.16091D+03
<cross-s.>      1.01      3.03260000D-01     92.91    0    3
 1.00676D+04
 4.78775D+03
 5.27988D+03
<cross-s.>      1.01      4.04340000D-01     92.91    0    3
 9.63894D+03
 4.33768D+03
 5.30127D+03
<cross-s.>      1.01      5.05430000D-01     92.91    0    3
 9.11575D+03
 3.88931D+03
 5.22643D+03
<cross-s.>      1.01      6.06510000D-01     92.91    0    3
 8.58808D+03
 3.50555D+03
 5.08253D+03
<cross-s.>      1.01      7.07600000D-01     92.91    0    3
 8.09145D+03
 3.19682D+03
 4.89463D+03
<cross-s.>      1.01      8.08690000D-01     92.91    0    3
 7.63905D+03
 2.95689D+03
 4.68216D+03
<cross-s.>      1.01      9.09770000D-01     92.91    0    3
 7.23337D+03
 2.77495D+03
 4.45842D+03
<cross-s.>      1.01      1.01086000D+00     92.91    0    3
 6.87232D+03
 2.63993D+03
 4.23240D+03
<cross-s.>      1.01      1.11194000D+00     92.91    0    3
 6.55206D+03
 2.54191D+03
 4.01016D+03
<cross-s.>      1.01      1.21303000D+00     92.91    0    3
 6.26799D+03
 2.47233D+03
 3.79566D+03
<cross-s.>      1.01      1.31411000D+00     92.91    0    3
 6.01582D+03
 2.42407D+03
 3.59175D+03
<cross-s.>      1.01      1.41520000D+00     92.91    0    3
 5.79096D+03
 2.39136D+03
 3.39960D+03
<cross-s.>      1.01      1.51629000D+00     92.91    0    3
 5.59000D+03
 2.36963D+03
 3.22037D+03
<cross-s.>      1.01      1.61737000D+00     92.91    0    3
 5.40983D+03
 2.35534D+03
 3.05449D+03
<cross-s.>      1.01      1.71846000D+00     92.91    0    3
 5.24775D+03
 2.34577D+03
 2.90199D+03
<cross-s.>      1.01      1.81954000D+00     92.91    0    3
 5.10150D+03
 2.33881D+03
 2.76270D+03
<cross-s.>      1.01      1.92063000D+00     92.91    0    3
 4.96902D+03
 2.33284D+03
 2.63618D+03
<cross-s.>      1.01      2.02171000D+00     92.91    0    3
 4.84852D+03
 2.32661D+03
 2.52191D+03
<cross-s.>      1.01      2.22389000D+00     92.91    0    3
 4.63706D+03
 2.30977D+03
 2.32729D+03
<cross-s.>      1.01      2.42606000D+00     92.91    0    3
 4.45647D+03
 2.28374D+03
 2.17273D+03
<cross-s.>      1.01      2.62823000D+00     92.91    0    3
 4.29948D+03
 2.24765D+03
 2.05183D+03
<cross-s.>      1.01      2.83040000D+00     92.91    0    3
 4.16209D+03
 2.20334D+03
 1.95875D+03
<cross-s.>      1.01      3.03257000D+00     92.91    0    3
 4.04235D+03
 2.15408D+03
 1.88827D+03
<cross-s.>      1.01      3.23474000D+00     92.91    0    3
 3.93976D+03
 2.10332D+03
 1.83644D+03
<cross-s.>      1.01      3.43691000D+00     92.91    0    3
 3.85410D+03
 2.05405D+03
 1.80005D+03
<cross-s.>      1.01      3.63909000D+00     92.91    0    3
 3.78505D+03
 2.00848D+03
 1.77657D+03
<cross-s.>      1.01      3.84126000D+00     92.91    0    3
 3.73203D+03
 1.96808D+03
 1.76395D+03
<cross-s.>      1.01      4.04343000D+00     92.91    0    3
 3.69416D+03
 1.93362D+03
 1.76054D+03
<cross-s.>      1.01      4.54886000D+00     92.91    0    3
 3.65799D+03
 1.87441D+03
 1.78358D+03
<cross-s.>      1.01      5.05428000D+00     92.91    0    3
 3.68777D+03
 1.84883D+03
 1.83893D+03
<cross-s.>      1.01      5.55971000D+00     92.91    0    3
 3.75986D+03
 1.84575D+03
 1.91411D+03
<cross-s.>      1.01      6.06514000D+00     92.91    0    3
 3.85209D+03
 1.85296D+03
 1.99914D+03
<cross-s.>      1.01      6.57057000D+00     92.91    0    3
 3.94701D+03
 1.86118D+03
 2.08583D+03
<cross-s.>      1.01      7.07600000D+00     92.91    0    3
 4.03332D+03
 1.86557D+03
 2.16775D+03
<cross-s.>      1.01      7.58143000D+00     92.91    0    3
 4.10537D+03
 1.86503D+03
 2.24034D+03
<cross-s.>      1.01      8.08685000D+00     92.91    0    3
 4.16128D+03
 1.86040D+03
 2.30088D+03
<cross-s.>      1.01      8.59228000D+00     92.91    0    3
 4.20117D+03
 1.85305D+03
 2.34812D+03
<cross-s.>      1.01      9.09771000D+00     92.91    0    3
 4.22601D+03
 1.84411D+03
 2.38190D+03
<cross-s.>      1.01      9.60314000D+00     92.91    0    3
 4.23709D+03
 1.83433D+03
 2.40276D+03
<cross-s.>      1.01      1.01085700D+01     92.91    0    3
 4.23593D+03
 1.82429D+03
 2.41164D+03
<cross-s.>      1.01      2.02170000D-01     92.91   40    1
 1.81273D-27
<cross-s.>      1.01      3.03250000D-01     92.91   40    1
 1.68657D-20
<cross-s.>      1.01      4.04340000D-01     92.91   40    1
 1.88345D-16
<cross-s.>      1.01      5.05420000D-01     92.91   40    1
 1.04164D-13
<cross-s.>      1.01      6.06510000D-01     92.91   40    1
 1.06833D-11
<cross-s.>      1.01      7.07590000D-01     92.91   40    1
 3.81048D-10
<cross-s.>      1.01      8.08680000D-01     92.91   40    1
 6.66878D-09
<cross-s.>      1.01      9.09760000D-01     92.91   40    1
 7.02802D-08
<cross-s.>      1.01      1.01085000D+00     92.91   40    1
 5.08809D-07
<cross-s.>      1.01      1.11193000D+00     92.91   40    1
 2.76284D-06
<cross-s.>      1.01      1.21302000D+00     92.91   40    1
 1.19748D-05
<cross-s.>      1.01      1.31410000D+00     92.91   40    1
 4.33125D-05
<cross-s.>      1.01      1.41519000D+00     92.91   40    1
 1.35202D-04
<cross-s.>      1.01      1.51627000D+00     92.91   40    1
 3.73508D-04
<cross-s.>      1.01      1.61736000D+00     92.91   40    1
 9.31554D-04
<cross-s.>      1.01      1.71844000D+00     92.91   40    1
 2.13004D-03
<cross-s.>      1.01      1.81953000D+00     92.91   40    1
 4.52194D-03
<cross-s.>      1.01      1.92061000D+00     92.91   40    1
 9.00232D-03
<cross-s.>      1.01      2.02170000D+00     92.91   40    1
 1.69490D-02
<cross-s.>      1.01      2.22387000D+00     92.91   40    1
 5.21693D-02
<cross-s.>      1.01      2.42603000D+00     92.91   40    1
 1.37650D-01
<cross-s.>      1.01      2.62820000D+00     92.91   40    1
 3.21201D-01
<cross-s.>      1.01      2.83037000D+00     92.91   40    1
 6.78283D-01
<cross-s.>      1.01      3.03254000D+00     92.91   40    1
 1.31909D+00
<cross-s.>      1.01      3.23471000D+00     92.91   40    1
 2.39460D+00
<cross-s.>      1.01      3.43688000D+00     92.91   40    1
 4.10101D+00
<cross-s.>      1.01      3.63905000D+00     92.91   40    1
 6.68195D+00
<cross-s.>      1.01      3.84122000D+00     92.91   40    1
 1.04277D+01
<cross-s.>      1.01      4.04339000D+00     92.91   40    1
 1.56708D+01
<cross-s.>      1.01      4.54882000D+00     92.91   40    1
 3.77607D+01
<cross-s.>      1.01      5.05424000D+00     92.91   40    1
 7.71293D+01
<cross-s.>      1.01      5.55966000D+00     92.91   40    1
 1.36806D+02
<cross-s.>      1.01      6.06509000D+00     92.91   40    1
 2.13980D+02
<cross-s.>      1.01      6.57051000D+00     92.91   40    1
 3.00434D+02
<cross-s.>      1.01      7.07593000D+00     92.91   40    1
 3.87630D+02
<cross-s.>      1.01      7.58136000D+00     92.91   40    1
 4.70531D+02
<cross-s.>      1.01      8.08678000D+00     92.91   40    1
 5.46983D+02
<cross-s.>      1.01      8.59221000D+00     92.91   40    1
 6.15917D+02
<cross-s.>      1.01      9.09763000D+00     92.91   40    1
 6.76853D+02
<cross-s.>      1.01      9.60305000D+00     92.91   40    1
 7.30208D+02
<cross-s.>      1.01      1.01084800D+01     92.91   40    1
 7.77320D+02
<cross-s.>      1.01      1.06139000D+01     92.91   40    1
 8.19968D+02
<cross-s.>      1.01      1.11193200D+01     92.91   40    1
 8.59778D+02
<cross-s.>      2.01      2.04380000D-01     91.91   40    1
 6.37180D-40
<cross-s.>      2.01      3.06570000D-01     91.91   40    1
 3.20610D-30
<cross-s.>      2.01      4.08770000D-01     91.91   40    1
 3.66043D-24
<cross-s.>      2.01      5.10960000D-01     91.91   40    1
 2.96585D-20
<cross-s.>      2.01      6.13150000D-01     91.91   40    1
 2.20614D-17
<cross-s.>      2.01      7.15340000D-01     91.91   40    1
 3.67054D-15
<cross-s.>      2.01      8.17530000D-01     91.91   40    1
 2.22074D-13
<cross-s.>      2.01      9.19720000D-01     91.91   40    1
 6.53374D-12
<cross-s.>      2.01      1.02192000D+00     91.91   40    1
 1.12624D-10
<cross-s.>      2.01      1.12411000D+00     91.91   40    1
 1.28778D-09
<cross-s.>      2.01      1.22630000D+00     91.91   40    1
 1.06683D-08
<cross-s.>      2.01      1.32849000D+00     91.91   40    1
 6.82317D-08
<cross-s.>      2.01      1.43068000D+00     91.91   40    1
 3.53236D-07
<cross-s.>      2.01      1.53287000D+00     91.91   40    1
 1.53459D-06
<cross-s.>      2.01      1.63506000D+00     91.91   40    1
 5.75352D-06
<cross-s.>      2.01      1.73726000D+00     91.91   40    1
 1.90354D-05
<cross-s.>      2.01      1.83945000D+00     91.91   40    1
 5.65578D-05
<cross-s.>      2.01      1.94164000D+00     91.91   40    1
 1.53127D-04
<cross-s.>      2.01      2.04383000D+00     91.91   40    1
 3.82298D-04
<cross-s.>      2.01      2.24821000D+00     91.91   40    1
 1.94056D-03
<cross-s.>      2.01      2.45260000D+00     91.91   40    1
 7.87022D-03
<cross-s.>      2.01      2.65698000D+00     91.91   40    1
 2.66531D-02
<cross-s.>      2.01      2.86136000D+00     91.91   40    1
 7.79477D-02
<cross-s.>      2.01      3.06575000D+00     91.91   40    1
 2.01924D-01
<cross-s.>      2.01      3.27013000D+00     91.91   40    1
 4.72515D-01
<cross-s.>      2.01      3.47451000D+00     91.91   40    1
 1.01447D+00
<cross-s.>      2.01      3.67889000D+00     91.91   40    1
 2.02312D+00
<cross-s.>      2.01      3.88328000D+00     91.91   40    1
 3.78503D+00
<cross-s.>      2.01      4.08766000D+00     91.91   40    1
 6.69565D+00
<cross-s.>      2.01      4.59862000D+00     91.91   40    1
 2.26560D+01
<cross-s.>      2.01      5.10958000D+00     91.91   40    1
 5.96678D+01
<cross-s.>      2.01      5.62053000D+00     91.91   40    1
 1.26018D+02
<cross-s.>      2.01      6.13149000D+00     91.91   40    1
 2.18895D+02
<cross-s.>      2.01      6.64245000D+00     91.91   40    1
 3.25910D+02
<cross-s.>      3.02      2.06640000D-01     90.91   40    1
 4.62634D-49
<cross-s.>      3.02      3.09950000D-01     90.91   40    1
 3.18829D-37
<cross-s.>      3.02      4.13270000D-01     90.91   40    1
 8.45245D-30
<cross-s.>      3.02      5.16590000D-01     90.91   40    1
 5.32233D-25
<cross-s.>      3.02      6.19910000D-01     90.91   40    1
 1.70660D-21
<cross-s.>      3.02      7.23220000D-01     90.91   40    1
 8.79757D-19
<cross-s.>      3.02      8.26540000D-01     90.91   40    1
 1.32054D-16
<cross-s.>      3.02      9.29860000D-01     90.91   40    1
 8.22294D-15
<cross-s.>      3.02      1.03318000D+00     90.91   40    1
 2.66494D-13
<cross-s.>      3.02      1.13650000D+00     90.91   40    1
 5.23634D-12
<cross-s.>      3.02      1.23981000D+00     90.91   40    1
 6.94094D-11
<cross-s.>      3.02      1.34313000D+00     90.91   40    1
 6.71330D-10
<cross-s.>      3.02      1.44645000D+00     90.91   40    1
 5.01386D-09
<cross-s.>      3.02      1.54977000D+00     90.91   40    1
 3.02263D-08
<cross-s.>      3.02      1.65308000D+00     90.91   40    1
 1.52177D-07
<cross-s.>      3.02      1.75640000D+00     90.91   40    1
 6.57548D-07
<cross-s.>      3.02      1.85972000D+00     90.91   40    1
 2.49148D-06
<cross-s.>      3.02      1.96304000D+00     90.91   40    1
 8.42536D-06
<cross-s.>      3.02      2.06636000D+00     90.91   40    1
 2.57994D-05
<cross-s.>      3.02      2.27299000D+00     90.91   40    1
 1.88083D-04
<cross-s.>      3.02      2.47963000D+00     90.91   40    1
 1.04096D-03
<cross-s.>      3.02      2.68626000D+00     90.91   40    1
 4.61838D-03
<cross-s.>      3.02      2.89290000D+00     90.91   40    1
 1.71098D-02
<cross-s.>      3.02      3.09953000D+00     90.91   40    1
 5.46421D-02
<cross-s.>      3.02      3.30617000D+00     90.91   40    1
 1.53829D-01
<cross-s.>      3.02      3.51281000D+00     90.91   40    1
 3.89463D-01
<cross-s.>      3.02      3.71944000D+00     90.91   40    1
 9.00382D-01
<cross-s.>      3.02      3.92608000D+00     90.91   40    1
 1.92437D+00
<cross-s.>      3.02      4.13270000D-01     90.91   78    1
 5.35598D-67
<cross-s.>      3.02      5.16590000D-01     90.91   78    1
 1.28987D-57
<cross-s.>      3.02      6.19910000D-01     90.91   78    1
 9.22763D-51
<cross-s.>      3.02      7.23220000D-01     90.91   78    1
 2.01318D-45
<cross-s.>      3.02      8.26540000D-01     90.91   78    1
 3.88985D-41
<cross-s.>      3.02      9.29860000D-01     90.91   78    1
 1.33329D-37
<cross-s.>      3.02      1.03318000D+00     90.91   78    1
 1.26554D-34
<cross-s.>      3.02      1.13649000D+00     90.91   78    1
 2.28765D-31
<cross-s.>      3.02      1.23981000D+00     90.91   78    1
 3.79718D-29
<cross-s.>      3.02      1.34313000D+00     90.91   78    1
 3.34944D-27
<cross-s.>      3.02      1.44645000D+00     90.91   78    1
 1.77865D-25
<cross-s.>      3.02      1.54977000D+00     90.91   78    1
 6.20050D-24
<cross-s.>      3.02      1.65308000D+00     90.91   78    1
 1.51762D-22
<cross-s.>      3.02      1.75640000D+00     90.91   78    1
 2.75173D-21
<cross-s.>      3.02      1.85972000D+00     90.91   78    1
 3.85664D-20
<cross-s.>      3.02      1.96304000D+00     90.91   78    1
 4.32553D-19
<cross-s.>      3.02      2.06635000D+00     90.91   78    1
 3.99414D-18
<cross-s.>      3.02      2.27299000D+00     90.91   78    1
 2.08384D-16
<cross-s.>      4.00      4.17810000D-01     89.91   78    1
 1.45491D-48
<cross-s.>      4.00      5.22260000D-01     89.91   78    1
 2.36922D-67
<cross-s.>      4.00      6.26710000D-01     89.91   78    1
 1.61718D-59
<cross-s.>      4.00      7.31160000D-01     89.91   78    1
 2.45402D-53
<cross-s.>      4.00      8.35620000D-01     89.91   78    1
 1.72371D-48
<cross-s.>      4.00      9.40070000D-01     89.91   78    1
 2.13694D-44
<cross-s.>      4.00      1.04452000D+00     89.91   78    1
 4.83406D-41
<cross-s.>      4.00      1.14897000D+00     89.91   78    1
 4.26681D-38
<cross-s.>      4.00      1.25342000D+00     89.91   78    1
 3.37076D-35
<cross-s.>      4.00      1.35788000D+00     89.91   78    1
 7.28308D-33
<cross-s.>      4.00      1.46233000D+00     89.91   78    1
 7.30842D-31
<cross-s.>      4.00      1.56678000D+00     89.91   78    1
 4.60920D-29
<cross-s.>      4.00      1.67123000D+00     89.91   78    1
 1.84490D-27
<cross-s.>      4.00      1.77568000D+00     89.91   78    1
 5.36476D-26
<cross-s.>      4.00      1.88013000D+00     89.91   78    1
 1.16407D-24
<cross-s.>      4.00      1.98459000D+00     89.91   78    1
 1.99703D-23
<cross-s.>      4.00      2.08904000D+00     89.91   78    1
 2.59305D-22
<cross-s.>      4.00      2.29794000D+00     89.91   78    1
 2.72943D-20
<cross-s.>      4.00      2.50685000D+00     89.91   78    1
 1.54807D-18
<cross-s.>      4.00      2.71575000D+00     89.91   78    1
 5.33282D-17
<cross-s.>      4.00      2.92465000D+00     89.91   78    1
 1.22833D-15
<cross-s.>      4.00      3.13356000D+00     89.91   78    1
 2.02300D-14
<cross-s.>      4.00      3.34246000D+00     89.91   78    1
 2.51987D-13
<cross-s.>      4.00      3.55137000D+00     89.91   78    1
 2.47613D-12
<cross-s.>      4.00      3.76027000D+00     89.91   78    1
 1.98654D-11
<cross-s.>      4.00      3.96917000D+00     89.91   78    1
 1.33746D-10
<cross-s.>      4.00      4.17808000D+00     89.91   78    1
 7.73699D-10
<cross-s.>      4.00      4.70034000D+00     89.91   78    1
 3.60689D-08
<cross-s.>      4.00      5.22260000D+00     89.91   78    1
 9.14756D-07
<cross-s.>      4.00      5.74486000D+00     89.91   78    1
 1.47439D-05
<cross-s.>      4.00      6.26712000D+00     89.91   78    1
 1.68733D-04
<cross-s.>      4.00      6.78938000D+00     89.91   78    1
 1.48008D-03
<cross-s.>      4.00      7.31164000D+00     89.91   78    1
 1.04383D-02
<cross-s.>      4.00      7.83390000D+00     89.91   78    1
 5.99033D-02
<cross-s.>      4.00      8.35615000D+00     89.91   78    1
 2.72501D-01
<cross-s.>      4.00      8.87841000D+00     89.91   78    1
 8.27926D-01
<cross-s.>      4.00      9.40067000D+00     89.91   78    1
 2.51151D+00
<cross-s.>      4.00      9.92293000D+00     89.91   78    1
 7.18953D+00
<cross-s.>      4.00      1.04451900D+01     89.91   78    1
 1.80544D+01
<cross-s.>      4.00      1.09674500D+01     89.91   78    1
 3.94952D+01
<cross-s.>      4.00      1.14897100D+01     89.91   78    1
 7.55747D+01
<cross-s.>      4.00      1.20119700D+01     89.91   78    1
 1.27542D+02
<cross-s.>      4.00      1.25342300D+01     89.91   78    1
 1.89127D+02
<cross-s.>      4.00      1.30564900D+01     89.91   78    1
 2.58300D+02
<cross-s.>      4.00      1.35787500D+01     89.91   78    1
 3.31031D+02
<cross-s.>      4.00      1.41010100D+01     89.91   78    1
 4.04132D+02
<cross-s.>      4.00      1.46232700D+01     89.91   78    1
 4.75529D+02
<cross-s.>      4.00      1.51455300D+01     89.91   78    1
 5.44136D+02
<cross-s.>      4.00      1.56677900D+01     89.91   78    1
 6.09380D+02
