 Run    Weight      Sum of weights
    0 1.00000E+00 1.00000E+00
    1 9.67753E-01 1.96775E+00
    2 9.32496E-01 2.90025E+00
    3 9.00682E-01 3.80093E+00
    4 9.64325E-01 4.76526E+00
    5 1.01315E+00 5.77841E+00
    6 1.06332E+00 6.84173E+00
    7 9.35019E-01 7.77675E+00
    8 1.03905E+00 8.81580E+00
    9 8.70419E-01 9.68622E+00
   10 9.08113E-01 1.05943E+01
   11 9.82698E-01 1.15770E+01
   12 9.73247E-01 1.25503E+01
   13 9.32483E-01 1.34828E+01
   14 1.04426E+00 1.45270E+01
   15 1.01621E+00 1.55432E+01
   16 9.95097E-01 1.65383E+01
   17 9.50629E-01 1.74890E+01
   18 9.87685E-01 1.84766E+01
   19 9.02957E-01 1.93796E+01
   20 1.04165E+00 2.04212E+01
