<cross-s.>      1.01      1.00900000D-03    106.91    0    3
 1.23785D+04
 7.86352D+03
 4.51497D+03
<cross-s.>      1.01      2.01900000D-03    106.91    0    3
 1.04768D+04
 5.97472D+03
 4.50209D+03
<cross-s.>      1.01      5.04700000D-03    106.91    0    3
 9.03818D+03
 4.56322D+03
 4.47496D+03
<cross-s.>      1.01      1.00900000D-02    106.91    0    3
 8.57191D+03
 4.12818D+03
 4.44373D+03
<cross-s.>      1.01      2.01900000D-02    106.91    0    3
 8.52569D+03
 4.12149D+03
 4.40421D+03
<cross-s.>      1.01      5.04700000D-02    106.91    0    3
 8.89699D+03
 4.51888D+03
 4.37811D+03
<cross-s.>      1.01      1.00940000D-01    106.91    0    3
 9.20751D+03
 4.72557D+03
 4.48194D+03
<cross-s.>      1.01      2.01890000D-01    106.91    0    3
 9.17750D+03
 4.35786D+03
 4.81964D+03
<cross-s.>      1.01      3.02830000D-01    106.91    0    3
 8.91981D+03
 3.82981D+03
 5.09000D+03
<cross-s.>      1.01      4.03770000D-01    106.91    0    3
 8.62999D+03
 3.38348D+03
 5.24651D+03
<cross-s.>      1.01      5.04720000D-01    106.91    0    3
 8.34632D+03
 3.04005D+03
 5.30627D+03
<cross-s.>      1.01      6.05660000D-01    106.91    0    3
 8.07617D+03
 2.78321D+03
 5.29295D+03
<cross-s.>      1.01      7.06600000D-01    106.91    0    3
 7.82055D+03
 2.59403D+03
 5.22652D+03
<cross-s.>      1.01      8.07550000D-01    106.91    0    3
 7.57837D+03
 2.45614D+03
 5.12223D+03
<cross-s.>      1.01      9.08490000D-01    106.91    0    3
 7.34851D+03
 2.35691D+03
 4.99160D+03
<cross-s.>      1.01      1.00944000D+00    106.91    0    3
 7.12969D+03
 2.28642D+03
 4.84327D+03
<cross-s.>      1.01      1.11038000D+00    106.91    0    3
 6.92073D+03
 2.23696D+03
 4.68377D+03
<cross-s.>      1.01      1.21132000D+00    106.91    0    3
 6.72042D+03
 2.20240D+03
 4.51802D+03
<cross-s.>      1.01      1.31227000D+00    106.91    0    3
 6.52772D+03
 2.17791D+03
 4.34982D+03
<cross-s.>      1.01      1.41321000D+00    106.91    0    3
 6.34183D+03
 2.15998D+03
 4.18186D+03
<cross-s.>      1.01      1.51415000D+00    106.91    0    3
 6.16212D+03
 2.14583D+03
 4.01628D+03
<cross-s.>      1.01      1.61510000D+00    106.91    0    3
 5.98817D+03
 2.13356D+03
 3.85461D+03
<cross-s.>      1.01      1.71604000D+00    106.91    0    3
 5.81988D+03
 2.12190D+03
 3.69798D+03
<cross-s.>      1.01      1.81698000D+00    106.91    0    3
 5.65721D+03
 2.11007D+03
 3.54715D+03
<cross-s.>      1.01      1.91793000D+00    106.91    0    3
 5.50030D+03
 2.09769D+03
 3.40261D+03
<cross-s.>      1.01      2.01887000D+00    106.91    0    3
 5.34935D+03
 2.08463D+03
 3.26472D+03
<cross-s.>      1.01      2.22076000D+00    106.91    0    3
 5.06624D+03
 2.05683D+03
 3.00940D+03
<cross-s.>      1.01      2.42264000D+00    106.91    0    3
 4.80956D+03
 2.02814D+03
 2.78143D+03
<cross-s.>      1.01      2.62453000D+00    106.91    0    3
 4.58049D+03
 2.00050D+03
 2.57999D+03
<cross-s.>      1.01      2.82642000D+00    106.91    0    3
 4.37951D+03
 1.97572D+03
 2.40379D+03
<cross-s.>      1.01      3.02831000D+00    106.91    0    3
 4.20650D+03
 1.95515D+03
 2.25135D+03
<cross-s.>      1.01      3.23019000D+00    106.91    0    3
 4.06064D+03
 1.93973D+03
 2.12091D+03
<cross-s.>      1.01      3.43208000D+00    106.91    0    3
 3.94081D+03
 1.92990D+03
 2.01092D+03
<cross-s.>      1.01      3.63397000D+00    106.91    0    3
 3.84550D+03
 1.92566D+03
 1.91984D+03
<cross-s.>      1.01      3.83585000D+00    106.91    0    3
 3.77287D+03
 1.92667D+03
 1.84621D+03
<cross-s.>      1.01      4.03774000D+00    106.91    0    3
 3.72083D+03
 1.93223D+03
 1.78860D+03
<cross-s.>      1.01      4.54246000D+00    106.91    0    3
 3.66535D+03
 1.95953D+03
 1.70582D+03
<cross-s.>      1.01      5.04718000D+00    106.91    0    3
 3.68567D+03
 1.99189D+03
 1.69378D+03
<cross-s.>      1.01      5.55189000D+00    106.91    0    3
 3.74682D+03
 2.01491D+03
 1.73191D+03
<cross-s.>      1.01      6.05661000D+00    106.91    0    3
 3.82365D+03
 2.02217D+03
 1.80148D+03
<cross-s.>      1.01      6.56133000D+00    106.91    0    3
 3.90195D+03
 2.01450D+03
 1.88745D+03
<cross-s.>      1.01      7.06605000D+00    106.91    0    3
 3.97540D+03
 1.99644D+03
 1.97896D+03
<cross-s.>      1.01      7.57076000D+00    106.91    0    3
 4.04197D+03
 1.97309D+03
 2.06888D+03
<cross-s.>      1.01      8.07548000D+00    106.91    0    3
 4.10146D+03
 1.94867D+03
 2.15279D+03
<cross-s.>      1.01      8.58020000D+00    106.91    0    3
 4.15428D+03
 1.92613D+03
 2.22815D+03
<cross-s.>      1.01      9.08492000D+00    106.91    0    3
 4.20082D+03
 1.90717D+03
 2.29365D+03
<cross-s.>      1.01      9.58963000D+00    106.91    0    3
 4.24129D+03
 1.89250D+03
 2.34879D+03
<cross-s.>      1.01      1.00943500D+01    106.91    0    3
 4.27560D+03
 1.88202D+03
 2.39358D+03
<cross-s.>      1.01      1.05990700D+01    106.91    0    3
 4.30338D+03
 1.87509D+03
 2.42830D+03
<cross-s.>      1.01      1.11037900D+01    106.91    0    3
 4.32412D+03
 1.87076D+03
 2.45336D+03
<cross-s.>      1.01      1.16085000D+01    106.91    0    3
 4.33729D+03
 1.86804D+03
 2.46925D+03
<cross-s.>      1.01      1.21132200D+01    106.91    0    3
 4.34260D+03
 1.86613D+03
 2.47646D+03
<cross-s.>      1.01      1.26179400D+01    106.91    0    3
 4.34004D+03
 1.86451D+03
 2.47553D+03
<cross-s.>      1.01      1.31226500D+01    106.91    0    3
 4.32994D+03
 1.86291D+03
 2.46702D+03
<cross-s.>      1.01      1.36273700D+01    106.91    0    3
 4.31285D+03
 1.86123D+03
 2.45162D+03
<cross-s.>      1.01      1.41320900D+01    106.91    0    3
 4.28934D+03
 1.85933D+03
 2.43001D+03
<cross-s.>      1.01      1.46368100D+01    106.91    0    3
 4.25992D+03
 1.85701D+03
 2.40291D+03
<cross-s.>      1.01      1.51415300D+01    106.91    0    3
 4.22497D+03
 1.85394D+03
 2.37103D+03
<cross-s.>      1.01      1.56462400D+01    106.91    0    3
 4.18485D+03
 1.84980D+03
 2.33505D+03
<cross-s.>      1.01      1.61509600D+01    106.91    0    3
 4.13993D+03
 1.84436D+03
 2.29557D+03
<cross-s.>      1.01      1.66556800D+01    106.91    0    3
 4.09073D+03
 1.83755D+03
 2.25318D+03
<cross-s.>      1.01      1.71603900D+01    106.91    0    3
 4.03794D+03
 1.82948D+03
 2.20846D+03
<cross-s.>      1.01      1.76651100D+01    106.91    0    3
 3.98238D+03
 1.82043D+03
 2.16195D+03
<cross-s.>      1.01      1.81698300D+01    106.91    0    3
 3.92495D+03
 1.81076D+03
 2.11419D+03
<cross-s.>      1.01      2.01890000D-01    106.91   47    1
 1.11831D-33
<cross-s.>      1.01      3.02830000D-01    106.91   47    1
 2.14714D-25
<cross-s.>      1.01      4.03770000D-01    106.91   47    1
 1.35170D-20
<cross-s.>      1.01      5.04710000D-01    106.91   47    1
 2.42724D-17
<cross-s.>      1.01      6.05660000D-01    106.91   47    1
 5.96959D-15
<cross-s.>      1.01      7.06600000D-01    106.91   47    1
 4.22046D-13
<cross-s.>      1.01      8.07540000D-01    106.91   47    1
 1.28695D-11
<cross-s.>      1.01      9.08480000D-01    106.91   47    1
 2.15613D-10
<cross-s.>      1.01      1.00943000D+00    106.91   47    1
 2.31755D-09
<cross-s.>      1.01      1.11037000D+00    106.91   47    1
 1.77278D-08
<cross-s.>      1.01      1.21131000D+00    106.91   47    1
 1.03836D-07
<cross-s.>      1.01      1.31226000D+00    106.91   47    1
 4.91046D-07
<cross-s.>      1.01      1.41320000D+00    106.91   47    1
 1.94947D-06
<cross-s.>      1.01      1.51414000D+00    106.91   47    1
 6.69586D-06
<cross-s.>      1.01      1.61508000D+00    106.91   47    1
 2.03652D-05
<cross-s.>      1.01      1.71603000D+00    106.91   47    1
 5.58698D-05
<cross-s.>      1.01      1.81697000D+00    106.91   47    1
 1.40275D-04
<cross-s.>      1.01      1.91791000D+00    106.91   47    1
 3.26254D-04
<cross-s.>      1.01      2.01885000D+00    106.91   47    1
 7.09791D-04
<cross-s.>      1.01      2.22074000D+00    106.91   47    1
 2.83758D-03
<cross-s.>      1.01      2.42263000D+00    106.91   47    1
 9.43002D-03
<cross-s.>      1.01      2.62451000D+00    106.91   47    1
 2.70259D-02
<cross-s.>      1.01      2.82640000D+00    106.91   47    1
 6.86540D-02
<cross-s.>      1.01      3.02828000D+00    106.91   47    1
 1.57815D-01
<cross-s.>      1.01      3.23017000D+00    106.91   47    1
 3.33617D-01
<cross-s.>      1.01      3.43205000D+00    106.91   47    1
 6.56794D-01
<cross-s.>      1.01      3.63394000D+00    106.91   47    1
 1.21647D+00
<cross-s.>      1.01      3.83582000D+00    106.91   47    1
 2.13677D+00
<cross-s.>      1.01      4.03771000D+00    106.91   47    1
 3.58329D+00
<cross-s.>      1.01      4.54242000D+00    106.91   47    1
 1.10050D+01
<cross-s.>      1.01      5.04714000D+00    106.91   47    1
 2.76545D+01
<cross-s.>      1.01      5.55185000D+00    106.91   47    1
 5.87304D+01
<cross-s.>      1.01      6.05656000D+00    106.91   47    1
 1.07234D+02
<cross-s.>      1.01      6.56128000D+00    106.91   47    1
 1.70741D+02
<cross-s.>      1.01      7.06599000D+00    106.91   47    1
 2.42151D+02
<cross-s.>      1.01      7.57070000D+00    106.91   47    1
 3.14666D+02
<cross-s.>      1.01      8.07542000D+00    106.91   47    1
 3.84925D+02
<cross-s.>      1.01      8.58013000D+00    106.91   47    1
 4.52015D+02
<cross-s.>      1.01      9.08485000D+00    106.91   47    1
 5.15725D+02
<cross-s.>      1.01      9.58956000D+00    106.91   47    1
 5.76016D+02
<cross-s.>      1.01      1.00942700D+01    106.91   47    1
 6.33204D+02
<cross-s.>      1.01      1.05989900D+01    106.91   47    1
 6.87907D+02
<cross-s.>      1.01      1.11037000D+01    106.91   47    1
 7.40749D+02
<cross-s.>      1.01      1.16084100D+01    106.91   47    1
 7.92008D+02
<cross-s.>      1.01      1.21131300D+01    106.91   47    1
 8.41454D+02
<cross-s.>      1.01      1.26178400D+01    106.91   47    1
 8.88445D+02
<cross-s.>      1.01      1.31225500D+01    106.91   47    1
 9.32208D+02
<cross-s.>      1.01      1.36272700D+01    106.91   47    1
 9.72131D+02
<cross-s.>      1.01      1.41319800D+01    106.91   47    1
 1.00795D+03
<cross-s.>      1.01      1.46367000D+01    106.91   47    1
 1.03980D+03
<cross-s.>      1.01      1.51414100D+01    106.91   47    1
 1.06810D+03
<cross-s.>      1.01      1.56461200D+01    106.91   47    1
 1.09345D+03
<cross-s.>      1.01      1.61508400D+01    106.91   47    1
 1.11646D+03
<cross-s.>      1.01      1.66555500D+01    106.91   47    1
 1.13770D+03
<cross-s.>      1.01      1.71602600D+01    106.91   47    1
 1.15761D+03
<cross-s.>      1.01      1.76649800D+01    106.91   47    1
 1.17651D+03
<cross-s.>      1.01      1.81696900D+01    106.91   47    1
 1.19458D+03
<cross-s.>      1.01      1.86744000D+01    106.91   47    1
 1.21192D+03
<cross-s.>      1.01      1.91791200D+01    106.91   47    1
 1.22854D+03
<cross-s.>      1.01      1.96838300D+01    106.91   47    1
 1.24445D+03
<cross-s.>      1.01      2.01885500D+01    106.91   47    1
 1.25963D+03
<cross-s.>      2.01      2.03800000D-01    105.91   47    1
 1.77855D-48
<cross-s.>      2.01      3.05710000D-01    105.91   47    1
 4.98071D-37
<cross-s.>      2.01      4.07610000D-01    105.91   47    1
 3.08245D-30
<cross-s.>      2.01      5.09510000D-01    105.91   47    1
 3.64486D-25
<cross-s.>      2.01      6.11410000D-01    105.91   47    1
 9.08426D-22
<cross-s.>      2.01      7.13310000D-01    105.91   47    1
 3.87146D-19
<cross-s.>      2.01      8.15210000D-01    105.91   47    1
 5.00489D-17
<cross-s.>      2.01      9.17120000D-01    105.91   47    1
 2.76617D-15
<cross-s.>      2.01      1.01902000D+00    105.91   47    1
 8.13194D-14
<cross-s.>      2.01      1.12092000D+00    105.91   47    1
 1.47440D-12
<cross-s.>      2.01      1.22282000D+00    105.91   47    1
 1.82836D-11
<cross-s.>      2.01      1.32472000D+00    105.91   47    1
 1.67141D-10
<cross-s.>      2.01      1.42662000D+00    105.91   47    1
 1.19111D-09
<cross-s.>      2.01      1.52853000D+00    105.91   47    1
 6.90417D-09
<cross-s.>      2.01      1.63043000D+00    105.91   47    1
 3.36356D-08
<cross-s.>      2.01      1.73233000D+00    105.91   47    1
 1.41392D-07
<cross-s.>      2.01      1.83423000D+00    105.91   47    1
 5.23695D-07
<cross-s.>      2.01      1.93613000D+00    105.91   47    1
 1.73836D-06
<cross-s.>      2.01      2.03804000D+00    105.91   47    1
 5.24474D-06
<cross-s.>      2.01      2.24184000D+00    105.91   47    1
 3.74595D-05
<cross-s.>      2.01      2.44564000D+00    105.91   47    1
 2.05162D-04
<cross-s.>      2.01      2.64945000D+00    105.91   47    1
 9.08030D-04
<cross-s.>      2.01      2.85325000D+00    105.91   47    1
 3.37607D-03
<cross-s.>      2.01      3.05705000D+00    105.91   47    1
 1.08618D-02
<cross-s.>      2.01      3.26086000D+00    105.91   47    1
 3.09425D-02
<cross-s.>      2.01      3.46466000D+00    105.91   47    1
 7.94547D-02
<cross-s.>      2.01      3.66846000D+00    105.91   47    1
 1.86588D-01
<cross-s.>      2.01      3.87227000D+00    105.91   47    1
 4.05414D-01
<cross-s.>      2.01      4.07607000D+00    105.91   47    1
 8.22693D-01
<cross-s.>      2.01      4.58558000D+00    105.91   47    1
 3.75316D+00
<cross-s.>      2.01      5.09509000D+00    105.91   47    1
 1.27494D+01
<cross-s.>      2.01      5.60460000D+00    105.91   47    1
 3.40121D+01
<cross-s.>      2.01      6.11411000D+00    105.91   47    1
 7.38613D+01
<cross-s.>      2.01      6.62362000D+00    105.91   47    1
 1.34977D+02
<cross-s.>      2.01      7.13312000D+00    105.91   47    1
 2.14933D+02
<cross-s.>      2.01      7.64263000D+00    105.91   47    1
 3.07651D+02
<cross-s.>      2.01      8.15214000D+00    105.91   47    1
 4.05823D+02
<cross-s.>      2.01      8.66165000D+00    105.91   47    1
 5.03698D+02
<cross-s.>      2.01      9.17116000D+00    105.91   47    1
 5.97860D+02
<cross-s.>      2.01      9.68067000D+00    105.91   47    1
 6.86072D+02
<cross-s.>      2.01      1.01901800D+01    105.91   47    1
 7.66860D+02
<cross-s.>      2.01      1.06996900D+01    105.91   47    1
 8.39945D+02
<cross-s.>      2.01      1.12092000D+01    105.91   47    1
 9.06085D+02
<cross-s.>      2.01      1.17187000D+01    105.91   47    1
 9.66322D+02
<cross-s.>      2.01      1.22282100D+01    105.91   47    1
 1.02143D+03
<cross-s.>      2.01      1.27377200D+01    105.91   47    1
 1.07186D+03
<cross-s.>      3.02      2.05750000D-01    104.91   47    1
 3.73687D-59
<cross-s.>      3.02      3.08620000D-01    104.91   47    1
 3.12141D-45
<cross-s.>      3.02      4.11500000D-01    104.91   47    1
 6.04968D-37
<cross-s.>      3.02      5.14370000D-01    104.91   47    1
 2.57803D-31
<cross-s.>      3.02      6.17250000D-01    104.91   47    1
 1.17614D-26
<cross-s.>      3.02      7.20120000D-01    104.91   47    1
 1.87143D-23
<cross-s.>      3.02      8.23000000D-01    104.91   47    1
 6.94872D-21
<cross-s.>      3.02      9.25870000D-01    104.91   47    1
 9.13914D-19
<cross-s.>      3.02      1.02875000D+00    104.91   47    1
 5.56965D-17
<cross-s.>      3.02      1.13162000D+00    104.91   47    1
 1.88175D-15
<cross-s.>      3.02      1.23450000D+00    104.91   47    1
 4.00181D-14
<cross-s.>      3.02      1.33737000D+00    104.91   47    1
 5.86651D-13
<cross-s.>      3.02      1.44025000D+00    104.91   47    1
 6.34949D-12
<cross-s.>      3.02      1.54312000D+00    104.91   47    1
 5.34145D-11
<cross-s.>      3.02      1.64600000D+00    104.91   47    1
 3.63740D-10
<cross-s.>      3.02      1.74887000D+00    104.91   47    1
 2.06943D-09
<cross-s.>      3.02      1.85175000D+00    104.91   47    1
 1.00936D-08
<cross-s.>      3.02      1.95463000D+00    104.91   47    1
 4.30825D-08
<cross-s.>      3.02      2.05750000D+00    104.91   47    1
 1.63666D-07
<cross-s.>      3.02      2.26325000D+00    104.91   47    1
 1.75909D-06
<cross-s.>      3.02      2.46900000D+00    104.91   47    1
 1.36880D-05
<cross-s.>      3.02      2.67475000D+00    104.91   47    1
 8.21879D-05
<cross-s.>      3.02      2.88050000D+00    104.91   47    1
 3.99269D-04
<cross-s.>      3.02      3.08625000D+00    104.91   47    1
 1.62684D-03
<cross-s.>      3.02      3.29200000D+00    104.91   47    1
 5.71691D-03
<cross-s.>      3.02      3.49775000D+00    104.91   47    1
 1.77120D-02
<cross-s.>      3.02      3.70350000D+00    104.91   47    1
 4.92362D-02
<cross-s.>      3.02      3.90925000D+00    104.91   47    1
 1.24585D-01
<cross-s.>      3.02      4.11500000D+00    104.91   47    1
 2.90308D-01
<cross-s.>      3.02      4.62937000D+00    104.91   47    1
 1.78071D+00
<cross-s.>      3.02      5.14375000D+00    104.91   47    1
 7.71656D+00
<cross-s.>      3.02      5.65812000D+00    104.91   47    1
 2.52966D+01
<cross-s.>      3.02      6.17250000D+00    104.91   47    1
 6.52580D+01
<cross-s.>      3.02      6.68687000D+00    104.91   47    1
 1.35898D+02
<cross-s.>      3.02      7.20125000D+00    104.91   47    1
 2.34942D+02
<cross-s.>      3.02      7.71562000D+00    104.91   47    1
 3.50264D+02
<cross-s.>      3.02      8.23000000D+00    104.91   47    1
 4.69187D+02
<cross-s.>      3.02      8.74437000D+00    104.91   47    1
 5.83230D+02
<cross-s.>      3.02      9.25875000D+00    104.91   47    1
 6.88499D+02
<cross-s.>      3.02      9.77312000D+00    104.91   47    1
 7.84561D+02
<cross-s.>      3.02      1.02875000D+01    104.91   47    1
 8.71788D+02
<cross-s.>      3.02      1.08018700D+01    104.91   47    1
 9.50111D+02
<cross-s.>      3.02      1.13162500D+01    104.91   47    1
 1.02019D+03
<cross-s.>      3.02      4.11500000D-01    104.91   92    1
 8.62360D-51
<cross-s.>      3.02      5.14380000D-01    104.91   92    1
 8.31298D-40
<cross-s.>      3.02      6.17250000D-01    104.91   92    1
 2.77583D-61
<cross-s.>      3.02      7.20130000D-01    104.91   92    1
 5.96350D-55
<cross-s.>      3.02      8.23000000D-01    104.91   92    1
 6.55411D-50
<cross-s.>      3.02      9.25880000D-01    104.91   92    1
 1.02832D-45
<cross-s.>      3.02      1.02875000D+00    104.91   92    1
 3.52283D-42
<cross-s.>      3.02      1.13163000D+00    104.91   92    1
 3.76495D-39
<cross-s.>      3.02      1.23450000D+00    104.91   92    1
 1.60786D-36
<cross-s.>      3.02      1.33738000D+00    104.91   92    1
 3.29042D-34
<cross-s.>      3.02      1.44025000D+00    104.91   92    1
 2.14723D-31
<cross-s.>      3.02      1.54313000D+00    104.91   92    1
 1.47440D-29
<cross-s.>      3.02      1.64600000D+00    104.91   92    1
 6.61593D-28
<cross-s.>      3.02      1.74888000D+00    104.91   92    1
 2.07871D-26
<cross-s.>      3.02      1.85175000D+00    104.91   92    1
 4.80765D-25
<cross-s.>      3.02      1.95463000D+00    104.91   92    1
 8.53366D-24
<cross-s.>      3.02      2.05750000D+00    104.91   92    1
 1.20183D-22
<cross-s.>      3.02      2.26325000D+00    104.91   92    1
 1.32771D-20
<cross-s.>      3.02      2.46900000D+00    104.91   92    1
 7.72760D-19
<cross-s.>      3.02      2.67475000D+00    104.91   92    1
 2.69184D-17
<cross-s.>      3.02      2.88050000D+00    104.91   92    1
 6.17082D-16
<cross-s.>      3.02      3.08625000D+00    104.91   92    1
 1.00089D-14
<cross-s.>      3.02      3.29200000D+00    104.91   92    1
 1.21511D-13
<cross-s.>      3.02      3.49775000D+00    104.91   92    1
 1.15444D-12
<cross-s.>      3.02      3.70350000D+00    104.91   92    1
 8.89518D-12
<cross-s.>      3.02      3.90925000D+00    104.91   92    1
 5.72224D-11
<cross-s.>      3.02      4.11500000D+00    104.91   92    1
 3.14738D-10
<cross-s.>      3.02      4.62938000D+00    104.91   92    1
 1.27136D-08
<cross-s.>      3.02      5.14375000D+00    104.91   92    1
 2.73096D-07
<cross-s.>      3.02      5.65813000D+00    104.91   92    1
 3.64504D-06
<cross-s.>      3.02      6.17250000D+00    104.91   92    1
 3.36715D-05
<cross-s.>      3.02      6.68688000D+00    104.91   92    1
 2.32607D-04
<cross-s.>      3.02      7.20125000D+00    104.91   92    1
 1.27177D-03
<cross-s.>      3.02      7.71563000D+00    104.91   92    1
 5.74257D-03
<cross-s.>      3.02      8.23000000D+00    104.91   92    1
 2.21171D-02
<cross-s.>      3.02      8.74438000D+00    104.91   92    1
 7.44882D-02
<cross-s.>      3.02      9.25875000D+00    104.91   92    1
 2.23636D-01
<cross-s.>      3.02      9.77313000D+00    104.91   92    1
 6.07626D-01
<cross-s.>      3.02      1.02875000D+01    104.91   92    1
 1.51151D+00
<cross-s.>      3.02      1.08018800D+01    104.91   92    1
 3.47285D+00
<cross-s.>      3.02      1.13162500D+01    104.91   92    1
 7.41483D+00
<cross-s.>      3.02      1.18306300D+01    104.91   92    1
 1.47636D+01
<cross-s.>      3.02      1.23450000D+01    104.91   92    1
 2.74426D+01
<cross-s.>      3.02      1.28593800D+01    104.91   92    1
 4.75928D+01
<cross-s.>      4.00      4.15410000D-01    103.90   92    1
 2.65325D-64
<cross-s.>      4.00      5.19260000D-01    103.90   92    1
 1.48812D-51
<cross-s.>      4.00      6.23110000D-01    103.90   92    1
 8.73778D-72
<cross-s.>      4.00      7.26970000D-01    103.90   92    1
 1.46518D-64
<cross-s.>      4.00      8.30820000D-01    103.90   92    1
 6.84467D-59
<cross-s.>      4.00      9.34670000D-01    103.90   92    1
 4.92690D-54
<cross-s.>      4.00      1.03852000D+00    103.90   92    1
 5.60795D-50
<cross-s.>      4.00      1.14237000D+00    103.90   92    1
 1.39538D-46
<cross-s.>      4.00      1.24623000D+00    103.90   92    1
 1.59555D-43
<cross-s.>      4.00      1.35008000D+00    103.90   92    1
 7.24458D-41
<cross-s.>      4.00      1.45393000D+00    103.90   92    1
 1.65621D-38
<cross-s.>      4.00      1.55778000D+00    103.90   92    1
 2.03982D-36
<cross-s.>      4.00      1.66164000D+00    103.90   92    1
 4.19808D-34
<cross-s.>      4.00      1.76549000D+00    103.90   92    1
 2.30470D-32
<cross-s.>      4.00      1.86934000D+00    103.90   92    1
 7.87243D-31
<cross-s.>      4.00      1.97319000D+00    103.90   92    1
 2.23339D-29
<cross-s.>      4.00      2.07704000D+00    103.90   92    1
 4.77448D-28
<cross-s.>      4.00      2.28475000D+00    103.90   92    1
 1.20804D-25
<cross-s.>      4.00      2.49245000D+00    103.90   92    1
 1.37883D-23
<cross-s.>      4.00      2.70016000D+00    103.90   92    1
 8.86374D-22
<cross-s.>      4.00      2.90786000D+00    103.90   92    1
 3.67164D-20
<cross-s.>      4.00      3.11557000D+00    103.90   92    1
 1.04354D-18
<cross-s.>      4.00      3.32327000D+00    103.90   92    1
 2.11270D-17
<cross-s.>      4.00      3.53098000D+00    103.90   92    1
 3.26159D-16
<cross-s.>      4.00      3.73868000D+00    103.90   92    1
 3.97912D-15
<cross-s.>      4.00      3.94638000D+00    103.90   92    1
 3.93866D-14
<cross-s.>      4.00      4.15409000D+00    103.90   92    1
 3.25218D-13
<cross-s.>      4.00      4.67335000D+00    103.90   92    1
 3.20183D-11
<cross-s.>      4.00      5.19261000D+00    103.90   92    1
 1.42257D-09
<cross-s.>      4.00      5.71187000D+00    103.90   92    1
 3.47351D-08
<cross-s.>      4.00      6.23113000D+00    103.90   92    1
 5.43913D-07
<cross-s.>      4.00      6.75039000D+00    103.90   92    1
 6.06540D-06
<cross-s.>      4.00      7.26966000D+00    103.90   92    1
 5.17794D-05
<cross-s.>      4.00      7.78892000D+00    103.90   92    1
 3.57071D-04
<cross-s.>      4.00      8.30818000D+00    103.90   92    1
 2.07580D-03
<cross-s.>      4.00      8.82744000D+00    103.90   92    1
 1.05359D-02
<cross-s.>      4.00      9.34670000D+00    103.90   92    1
 4.80460D-02
<cross-s.>      4.00      9.86596000D+00    103.90   92    1
 2.02090D-01
<cross-s.>      4.00      1.03852200D+01    103.90   92    1
 7.50750D-01
<cross-s.>      4.00      1.09044800D+01    103.90   92    1
 2.17789D+00
<cross-s.>      4.00      1.14237400D+01    103.90   92    1
 5.70373D+00
<cross-s.>      4.00      1.19430000D+01    103.90   92    1
 1.37007D+01
<cross-s.>      4.00      1.24622700D+01    103.90   92    1
 2.96419D+01
<cross-s.>      4.00      1.29815300D+01    103.90   92    1
 5.73309D+01
<cross-s.>      4.00      1.35007900D+01    103.90   92    1
 9.91254D+01
<cross-s.>      4.00      1.40200500D+01    103.90   92    1
 1.51737D+02
<cross-s.>      4.00      1.45393100D+01    103.90   92    1
 2.12625D+02
<cross-s.>      4.00      1.50585700D+01    103.90   92    1
 2.79178D+02
<cross-s.>      4.00      1.55778300D+01    103.90   92    1
 3.48097D+02
<cross-s.>      4.00      1.60970900D+01    103.90   92    1
 4.17003D+02
<cross-s.>      4.00      1.66163500D+01    103.90   92    1
 4.84355D+02
<cross-s.>      4.00      1.71356100D+01    103.90   92    1
 5.49333D+02
<cross-s.>      4.00      1.76548800D+01    103.90   92    1
 6.11534D+02
<cross-s.>      4.00      1.81741400D+01    103.90   92    1
 6.70806D+02
<cross-s.>      4.00      1.86934000D+01    103.90   92    1
 7.27151D+02
<cross-s.>      4.00      1.92126600D+01    103.90   92    1
 7.80660D+02
<cross-s.>      4.00      1.97319200D+01    103.90   92    1
 8.31485D+02
<cross-s.>      4.00      2.02511800D+01    103.90   92    1
 8.79738D+02
<cross-s.>      4.00      2.07704400D+01    103.90   92    1
 9.25607D+02
<cross-s.>      4.00      2.18089600D+01    103.90   92    1
 1.01070D+03
<cross-s.>      4.00      2.28474900D+01    103.90   92    1
 1.08792D+03
<cross-s.>      4.00      2.38860100D+01    103.90   92    1
 1.15827D+03
<cross-s.>      4.00      2.49245300D+01    103.90   92    1
 1.22764D+03
<cross-s.>      4.00      2.59630500D+01    103.90   92    1
 1.26689D+03
<cross-s.>      4.00      2.70015800D+01    103.90   92    1
 1.30400D+03
