<cross-s.>      1.01      1.00800000D-03    119.90    0    3
 1.25498D+04
 8.71821D+03
 3.83162D+03
<cross-s.>      1.01      2.01700000D-03    119.90    0    3
 1.01483D+04
 6.32868D+03
 3.81960D+03
<cross-s.>      1.01      5.04200000D-03    119.90    0    3
 8.11576D+03
 4.32097D+03
 3.79479D+03
<cross-s.>      1.01      1.00800000D-02    119.90    0    3
 7.19104D+03
 3.42421D+03
 3.76683D+03
<cross-s.>      1.01      2.01700000D-02    119.90    0    3
 6.64475D+03
 2.91274D+03
 3.73200D+03
<cross-s.>      1.01      5.04200000D-02    119.90    0    3
 6.33656D+03
 2.62831D+03
 3.70825D+03
<cross-s.>      1.01      1.00840000D-01    119.90    0    3
 6.31808D+03
 2.51922D+03
 3.79887D+03
<cross-s.>      1.01      2.01680000D-01    119.90    0    3
 6.45674D+03
 2.32138D+03
 4.13535D+03
<cross-s.>      1.01      3.02520000D-01    119.90    0    3
 6.61373D+03
 2.14161D+03
 4.47211D+03
<cross-s.>      1.01      4.03360000D-01    119.90    0    3
 6.74477D+03
 2.00446D+03
 4.74031D+03
<cross-s.>      1.01      5.04210000D-01    119.90    0    3
 6.83859D+03
 1.90745D+03
 4.93115D+03
<cross-s.>      1.01      6.05050000D-01    119.90    0    3
 6.89493D+03
 1.84302D+03
 5.05191D+03
<cross-s.>      1.01      7.05890000D-01    119.90    0    3
 6.91660D+03
 1.80319D+03
 5.11341D+03
<cross-s.>      1.01      8.06730000D-01    119.90    0    3
 6.90772D+03
 1.78135D+03
 5.12637D+03
<cross-s.>      1.01      9.07570000D-01    119.90    0    3
 6.87254D+03
 1.77221D+03
 5.10033D+03
<cross-s.>      1.01      1.00841000D+00    119.90    0    3
 6.81506D+03
 1.77165D+03
 5.04341D+03
<cross-s.>      1.01      1.10925000D+00    119.90    0    3
 6.73882D+03
 1.77648D+03
 4.96234D+03
<cross-s.>      1.01      1.21009000D+00    119.90    0    3
 6.64726D+03
 1.78450D+03
 4.86276D+03
<cross-s.>      1.01      1.31094000D+00    119.90    0    3
 6.54321D+03
 1.79398D+03
 4.74923D+03
<cross-s.>      1.01      1.41178000D+00    119.90    0    3
 6.42928D+03
 1.80378D+03
 4.62550D+03
<cross-s.>      1.01      1.51262000D+00    119.90    0    3
 6.30783D+03
 1.81319D+03
 4.49463D+03
<cross-s.>      1.01      1.61346000D+00    119.90    0    3
 6.18094D+03
 1.82182D+03
 4.35912D+03
<cross-s.>      1.01      1.71430000D+00    119.90    0    3
 6.05052D+03
 1.82951D+03
 4.22101D+03
<cross-s.>      1.01      1.81514000D+00    119.90    0    3
 5.91827D+03
 1.83632D+03
 4.08195D+03
<cross-s.>      1.01      1.91598000D+00    119.90    0    3
 5.78569D+03
 1.84239D+03
 3.94330D+03
<cross-s.>      1.01      2.01682000D+00    119.90    0    3
 5.65415D+03
 1.84799D+03
 3.80616D+03
<cross-s.>      1.01      2.21851000D+00    119.90    0    3
 5.39880D+03
 1.85895D+03
 3.53985D+03
<cross-s.>      1.01      2.42019000D+00    119.90    0    3
 5.16019D+03
 1.87177D+03
 3.28842D+03
<cross-s.>      1.01      2.62187000D+00    119.90    0    3
 4.94415D+03
 1.88882D+03
 3.05533D+03
<cross-s.>      1.01      2.82356000D+00    119.90    0    3
 4.75465D+03
 1.91176D+03
 2.84290D+03
<cross-s.>      1.01      3.02524000D+00    119.90    0    3
 4.59383D+03
 1.94127D+03
 2.65256D+03
<cross-s.>      1.01      3.22692000D+00    119.90    0    3
 4.46198D+03
 1.97693D+03
 2.48505D+03
<cross-s.>      1.01      3.42860000D+00    119.90    0    3
 4.35765D+03
 2.01714D+03
 2.34051D+03
<cross-s.>      1.01      3.63029000D+00    119.90    0    3
 4.27790D+03
 2.05945D+03
 2.21846D+03
<cross-s.>      1.01      3.83197000D+00    119.90    0    3
 4.21880D+03
 2.10091D+03
 2.11789D+03
<cross-s.>      1.01      4.03365000D+00    119.90    0    3
 4.17597D+03
 2.13870D+03
 2.03727D+03
<cross-s.>      1.01      4.53786000D+00    119.90    0    3
 4.11457D+03
 2.20445D+03
 1.91012D+03
<cross-s.>      1.01      5.04206000D+00    119.90    0    3
 4.08686D+03
 2.22325D+03
 1.86361D+03
<cross-s.>      1.01      5.54627000D+00    119.90    0    3
 4.07643D+03
 2.20615D+03
 1.87028D+03
<cross-s.>      1.01      6.05047000D+00    119.90    0    3
 4.08073D+03
 2.17026D+03
 1.91047D+03
<cross-s.>      1.01      6.55468000D+00    119.90    0    3
 4.10064D+03
 2.12975D+03
 1.97089D+03
<cross-s.>      1.01      7.05889000D+00    119.90    0    3
 4.13656D+03
 2.09383D+03
 2.04273D+03
<cross-s.>      1.01      7.56309000D+00    119.90    0    3
 4.18722D+03
 2.06709D+03
 2.12013D+03
<cross-s.>      1.01      8.06730000D+00    119.90    0    3
 4.24956D+03
 2.05051D+03
 2.19904D+03
<cross-s.>      1.01      8.57151000D+00    119.90    0    3
 4.31912D+03
 2.04265D+03
 2.27646D+03
<cross-s.>      1.01      9.07571000D+00    119.90    0    3
 4.39075D+03
 2.04074D+03
 2.35001D+03
<cross-s.>      1.01      9.57992000D+00    119.90    0    3
 4.45946D+03
 2.04177D+03
 2.41769D+03
<cross-s.>      1.01      1.00841200D+01    119.90    0    3
 4.52123D+03
 2.04334D+03
 2.47788D+03
<cross-s.>      1.01      1.05883300D+01    119.90    0    3
 4.57338D+03
 2.04403D+03
 2.52935D+03
<cross-s.>      1.01      1.10925400D+01    119.90    0    3
 4.61459D+03
 2.04327D+03
 2.57132D+03
<cross-s.>      1.01      1.15967400D+01    119.90    0    3
 4.64442D+03
 2.04099D+03
 2.60343D+03
<cross-s.>      1.01      1.21009500D+01    119.90    0    3
 4.66294D+03
 2.03727D+03
 2.62568D+03
<cross-s.>      1.01      1.26051500D+01    119.90    0    3
 4.67055D+03
 2.03219D+03
 2.63837D+03
<cross-s.>      1.01      1.31093600D+01    119.90    0    3
 4.66786D+03
 2.02586D+03
 2.64200D+03
<cross-s.>      1.01      1.36135700D+01    119.90    0    3
 4.65574D+03
 2.01852D+03
 2.63722D+03
<cross-s.>      1.01      1.41177700D+01    119.90    0    3
 4.63528D+03
 2.01050D+03
 2.62478D+03
<cross-s.>      1.01      1.46219800D+01    119.90    0    3
 4.60770D+03
 2.00223D+03
 2.60548D+03
<cross-s.>      1.01      1.51261900D+01    119.90    0    3
 4.57424D+03
 1.99409D+03
 2.58015D+03
<cross-s.>      1.01      1.56303900D+01    119.90    0    3
 4.53606D+03
 1.98644D+03
 2.54962D+03
<cross-s.>      1.01      1.61346000D+01    119.90    0    3
 4.49420D+03
 1.97952D+03
 2.51468D+03
<cross-s.>      1.01      1.66388100D+01    119.90    0    3
 4.44955D+03
 1.97345D+03
 2.47610D+03
<cross-s.>      1.01      1.71430100D+01    119.90    0    3
 4.40287D+03
 1.96831D+03
 2.43456D+03
<cross-s.>      1.01      1.76472200D+01    119.90    0    3
 4.35480D+03
 1.96407D+03
 2.39073D+03
<cross-s.>      1.01      1.81514200D+01    119.90    0    3
 4.30588D+03
 1.96068D+03
 2.34520D+03
<cross-s.>      1.01      1.86556300D+01    119.90    0    3
 4.25650D+03
 1.95799D+03
 2.29851D+03
<cross-s.>      1.01      1.91598400D+01    119.90    0    3
 4.20696D+03
 1.95580D+03
 2.25116D+03
<cross-s.>      1.01      1.96640400D+01    119.90    0    3
 4.15745D+03
 1.95387D+03
 2.20358D+03
<cross-s.>      1.01      2.01682500D+01    119.90    0    3
 4.10804D+03
 1.95190D+03
 2.15614D+03
<cross-s.>      1.01      2.01680000D-01    119.91   49    1
 3.90144D-35
<cross-s.>      1.01      3.02520000D-01    119.91   49    1
 2.19556D-26
<cross-s.>      1.01      4.03360000D-01    119.91   49    1
 2.30521D-21
<cross-s.>      1.01      5.04200000D-01    119.91   49    1
 5.85079D-18
<cross-s.>      1.01      6.05040000D-01    119.91   49    1
 1.86005D-15
<cross-s.>      1.01      7.05880000D-01    119.91   49    1
 1.60789D-13
<cross-s.>      1.01      8.06720000D-01    119.91   49    1
 5.76870D-12
<cross-s.>      1.01      9.07560000D-01    119.91   49    1
 1.10616D-10
<cross-s.>      1.01      1.00840000D+00    119.91   49    1
 1.33247D-09
<cross-s.>      1.01      1.10925000D+00    119.91   49    1
 1.12444D-08
<cross-s.>      1.01      1.21009000D+00    119.91   49    1
 7.17109D-08
<cross-s.>      1.01      1.31093000D+00    119.91   49    1
 3.65323D-07
<cross-s.>      1.01      1.41177000D+00    119.91   49    1
 1.54904D-06
<cross-s.>      1.01      1.51261000D+00    119.91   49    1
 5.64073D-06
<cross-s.>      1.01      1.61345000D+00    119.91   49    1
 1.80741D-05
<cross-s.>      1.01      1.71429000D+00    119.91   49    1
 5.19478D-05
<cross-s.>      1.01      1.81513000D+00    119.91   49    1
 1.36010D-04
<cross-s.>      1.01      1.91597000D+00    119.91   49    1
 3.28458D-04
<cross-s.>      1.01      2.01681000D+00    119.91   49    1
 7.39219D-04
<cross-s.>      1.01      2.21849000D+00    119.91   49    1
 3.13149D-03
<cross-s.>      1.01      2.42017000D+00    119.91   49    1
 1.09061D-02
<cross-s.>      1.01      2.62185000D+00    119.91   49    1
 3.24552D-02
<cross-s.>      1.01      2.82353000D+00    119.91   49    1
 8.49307D-02
<cross-s.>      1.01      3.02522000D+00    119.91   49    1
 1.99760D-01
<cross-s.>      1.01      3.22690000D+00    119.91   49    1
 4.29463D-01
<cross-s.>      1.01      3.42858000D+00    119.91   49    1
 8.55313D-01
<cross-s.>      1.01      3.63026000D+00    119.91   49    1
 1.59486D+00
<cross-s.>      1.01      3.83194000D+00    119.91   49    1
 2.80830D+00
<cross-s.>      1.01      4.03362000D+00    119.91   49    1
 4.70217D+00
<cross-s.>      1.01      4.53782000D+00    119.91   49    1
 1.41716D+01
<cross-s.>      1.01      5.04203000D+00    119.91   49    1
 3.43722D+01
<cross-s.>      1.01      5.54623000D+00    119.91   49    1
 6.98965D+01
<cross-s.>      1.01      6.05043000D+00    119.91   49    1
 1.22749D+02
<cross-s.>      1.01      6.55463000D+00    119.91   49    1
 1.91121D+02
<cross-s.>      1.01      7.05884000D+00    119.91   49    1
 2.70686D+02
<cross-s.>      1.01      7.56304000D+00    119.91   49    1
 3.56824D+02
<cross-s.>      1.01      8.06724000D+00    119.91   49    1
 4.45697D+02
<cross-s.>      1.01      8.57144000D+00    119.91   49    1
 5.34219D+02
<cross-s.>      1.01      9.07564000D+00    119.91   49    1
 6.20076D+02
<cross-s.>      1.01      9.57985000D+00    119.91   49    1
 7.01863D+02
<cross-s.>      1.01      1.00840500D+01    119.91   49    1
 7.78952D+02
<cross-s.>      1.01      1.05882500D+01    119.91   49    1
 8.51122D+02
<cross-s.>      1.01      1.10924500D+01    119.91   49    1
 9.18175D+02
<cross-s.>      1.01      1.15966600D+01    119.91   49    1
 9.79834D+02
<cross-s.>      1.01      1.21008600D+01    119.91   49    1
 1.03585D+03
<cross-s.>      1.01      1.26050600D+01    119.91   49    1
 1.08621D+03
<cross-s.>      1.01      1.31092600D+01    119.91   49    1
 1.13118D+03
<cross-s.>      1.01      1.36134700D+01    119.91   49    1
 1.17133D+03
<cross-s.>      1.01      1.41176700D+01    119.91   49    1
 1.20733D+03
<cross-s.>      1.01      1.46218700D+01    119.91   49    1
 1.23990D+03
<cross-s.>      1.01      1.51260700D+01    119.91   49    1
 1.26968D+03
<cross-s.>      1.01      1.56302800D+01    119.91   49    1
 1.29714D+03
<cross-s.>      2.01      2.03390000D-01    118.91   49    1
 7.52428D-50
<cross-s.>      2.01      3.05080000D-01    118.91   49    1
 6.53554D-38
<cross-s.>      2.01      4.06780000D-01    118.91   49    1
 7.86718D-31
<cross-s.>      2.01      5.08470000D-01    118.91   49    1
 1.70815D-25
<cross-s.>      2.01      6.10160000D-01    118.91   49    1
 5.80497D-22
<cross-s.>      2.01      7.11860000D-01    118.91   49    1
 3.12326D-19
<cross-s.>      2.01      8.13550000D-01    118.91   49    1
 4.83398D-17
<cross-s.>      2.01      9.15240000D-01    118.91   49    1
 3.08050D-15
<cross-s.>      2.01      1.01694000D+00    118.91   49    1
 1.01647D-13
<cross-s.>      2.01      1.11863000D+00    118.91   49    1
 2.02464D-12
<cross-s.>      2.01      1.22033000D+00    118.91   49    1
 2.71359D-11
<cross-s.>      2.01      1.32202000D+00    118.91   49    1
 2.64514D-10
<cross-s.>      2.01      1.42371000D+00    118.91   49    1
 1.98827D-09
<cross-s.>      2.01      1.52541000D+00    118.91   49    1
 1.20495D-08
<cross-s.>      2.01      1.62710000D+00    118.91   49    1
 6.09182D-08
<cross-s.>      2.01      1.72880000D+00    118.91   49    1
 2.64108D-07
<cross-s.>      2.01      1.83049000D+00    118.91   49    1
 1.00331D-06
<cross-s.>      2.01      1.93218000D+00    118.91   49    1
 3.39999D-06
<cross-s.>      2.01      2.03388000D+00    118.91   49    1
 1.04302D-05
<cross-s.>      2.01      2.23727000D+00    118.91   49    1
 7.62491D-05
<cross-s.>      2.01      2.44065000D+00    118.91   49    1
 4.22735D-04
<cross-s.>      2.01      2.64404000D+00    118.91   49    1
 1.87773D-03
<cross-s.>      2.01      2.84743000D+00    118.91   49    1
 6.95909D-03
<cross-s.>      2.01      3.05082000D+00    118.91   49    1
 2.21957D-02
<cross-s.>      2.01      3.25420000D+00    118.91   49    1
 6.23991D-02
<cross-s.>      2.01      3.45759000D+00    118.91   49    1
 1.57592D-01
<cross-s.>      2.01      3.66098000D+00    118.91   49    1
 3.62973D-01
<cross-s.>      2.01      3.86437000D+00    118.91   49    1
 7.71786D-01
<cross-s.>      2.01      4.06776000D+00    118.91   49    1
 1.53012D+00
<cross-s.>      2.01      4.57622000D+00    118.91   49    1
 6.55450D+00
<cross-s.>      2.01      5.08469000D+00    118.91   49    1
 2.08609D+01
<cross-s.>      2.01      5.59316000D+00    118.91   49    1
 5.23096D+01
<cross-s.>      2.01      6.10163000D+00    118.91   49    1
 1.07611D+02
<cross-s.>      2.01      6.61010000D+00    118.91   49    1
 1.87920D+02
<cross-s.>      2.01      7.11857000D+00    118.91   49    1
 2.87931D+02
<cross-s.>      2.01      7.62704000D+00    118.91   49    1
 3.99222D+02
<cross-s.>      2.01      8.13551000D+00    118.91   49    1
 5.14059D+02
<cross-s.>      2.01      8.64398000D+00    118.91   49    1
 6.27047D+02
<cross-s.>      2.01      9.15245000D+00    118.91   49    1
 7.35050D+02
<cross-s.>      2.01      9.66092000D+00    118.91   49    1
 8.36542D+02
<cross-s.>      2.01      1.01693900D+01    118.91   49    1
 9.30988D+02
<cross-s.>      2.01      1.06778600D+01    118.91   49    1
 1.01841D+03
<cross-s.>      2.01      1.11863300D+01    118.91   49    1
 1.09912D+03
<cross-s.>      2.01      1.16947900D+01    118.91   49    1
 1.17357D+03
<cross-s.>      3.02      2.05120000D-01    117.91   49    1
 2.03901D-61
<cross-s.>      3.02      3.07670000D-01    117.91   49    1
 7.10437D-47
<cross-s.>      3.02      4.10230000D-01    117.91   49    1
 3.20906D-38
<cross-s.>      3.02      5.12790000D-01    117.91   49    1
 2.42835D-32
<cross-s.>      3.02      6.15350000D-01    117.91   49    1
 1.77957D-27
<cross-s.>      3.02      7.17910000D-01    117.91   49    1
 3.91096D-24
<cross-s.>      3.02      8.20460000D-01    117.91   49    1
 1.87590D-21
<cross-s.>      3.02      9.23020000D-01    117.91   49    1
 3.04458D-19
<cross-s.>      3.02      1.02558000D+00    117.91   49    1
 2.20988D-17
<cross-s.>      3.02      1.12814000D+00    117.91   49    1
 8.65951D-16
<cross-s.>      3.02      1.23070000D+00    117.91   49    1
 2.09032D-14
<cross-s.>      3.02      1.33325000D+00    117.91   49    1
 3.41936D-13
<cross-s.>      3.02      1.43581000D+00    117.91   49    1
 4.07230D-12
<cross-s.>      3.02      1.53837000D+00    117.91   49    1
 3.72669D-11
<cross-s.>      3.02      1.64093000D+00    117.91   49    1
 2.73334D-10
<cross-s.>      3.02      1.74349000D+00    117.91   49    1
 1.66116D-09
<cross-s.>      3.02      1.84604000D+00    117.91   49    1
 8.59011D-09
<cross-s.>      3.02      1.94860000D+00    117.91   49    1
 3.86383D-08
<cross-s.>      3.02      2.05116000D+00    117.91   49    1
 1.53864D-07
<cross-s.>      3.02      2.25628000D+00    117.91   49    1
 1.79205D-06
<cross-s.>      3.02      2.46139000D+00    117.91   49    1
 1.48843D-05
<cross-s.>      3.02      2.66651000D+00    117.91   49    1
 9.42754D-05
<cross-s.>      3.02      2.87162000D+00    117.91   49    1
 4.78487D-04
<cross-s.>      3.02      3.07674000D+00    117.91   49    1
 2.02130D-03
<cross-s.>      3.02      3.28186000D+00    117.91   49    1
 7.31790D-03
<cross-s.>      3.02      3.48697000D+00    117.91   49    1
 2.32360D-02
<cross-s.>      3.02      3.69209000D+00    117.91   49    1
 6.59252D-02
<cross-s.>      3.02      3.89720000D+00    117.91   49    1
 1.69641D-01
<cross-s.>      3.02      4.10232000D+00    117.91   49    1
 4.00846D-01
<cross-s.>      3.02      4.61511000D+00    117.91   49    1
 2.52046D+00
<cross-s.>      3.02      5.12790000D+00    117.91   49    1
 1.10623D+01
<cross-s.>      3.02      5.64069000D+00    117.91   49    1
 3.62434D+01
<cross-s.>      3.02      6.15348000D+00    117.91   49    1
 9.18539D+01
<cross-s.>      3.02      6.66627000D+00    117.91   49    1
 1.85002D+02
<cross-s.>      3.02      7.17906000D+00    117.91   49    1
 3.07832D+02
<cross-s.>      3.02      7.69185000D+00    117.91   49    1
 4.44205D+02
<cross-s.>      3.02      8.20464000D+00    117.91   49    1
 5.80720D+02
<cross-s.>      3.02      8.71743000D+00    117.91   49    1
 7.10048D+02
<cross-s.>      3.02      9.23022000D+00    117.91   49    1
 8.29325D+02
<cross-s.>      3.02      9.74301000D+00    117.91   49    1
 9.38001D+02
<cross-s.>      3.02      4.10230000D-01    117.91   96    1
 7.78631D-53
<cross-s.>      3.02      5.12790000D-01    117.91   96    1
 3.16239D-41
<cross-s.>      3.02      6.15350000D-01    117.91   96    1
 1.80151D-62
<cross-s.>      3.02      7.17910000D-01    117.91   96    1
 7.31772D-56
<cross-s.>      3.02      8.20460000D-01    117.91   96    1
 1.47592D-50
<cross-s.>      3.02      9.23020000D-01    117.91   96    1
 3.17122D-46
<cross-s.>      3.02      1.02558000D+00    117.91   96    1
 1.53576D-42
<cross-s.>      3.02      1.12814000D+00    117.91   96    1
 2.19802D-39
<cross-s.>      3.02      1.23070000D+00    117.91   96    1
 1.20605D-36
<cross-s.>      3.02      1.33325000D+00    117.91   96    1
 3.06208D-34
<cross-s.>      3.02      1.43581000D+00    117.91   96    1
 1.84076D-31
<cross-s.>      3.02      1.53837000D+00    117.91   96    1
 2.12317D-29
<cross-s.>      3.02      1.64093000D+00    117.91   96    1
 1.10738D-27
<cross-s.>      3.02      1.74349000D+00    117.91   96    1
 3.96689D-26
<cross-s.>      3.02      1.84604000D+00    117.91   96    1
 1.03096D-24
<cross-s.>      3.02      1.94860000D+00    117.91   96    1
 2.03058D-23
<cross-s.>      3.02      2.05116000D+00    117.91   96    1
 3.13899D-22
<cross-s.>      3.02      2.25628000D+00    117.91   96    1
 4.05969D-20
<cross-s.>      3.02      2.46139000D+00    117.91   96    1
 2.67956D-18
<cross-s.>      3.02      2.66651000D+00    117.91   96    1
 1.03171D-16
<cross-s.>      3.02      2.87162000D+00    117.91   96    1
 2.55849D-15
<cross-s.>      3.02      3.07674000D+00    117.91   96    1
 4.40960D-14
<cross-s.>      3.02      3.28186000D+00    117.91   96    1
 5.60290D-13
<cross-s.>      3.02      3.48697000D+00    117.91   96    1
 5.49888D-12
<cross-s.>      3.02      3.69209000D+00    117.91   96    1
 4.32920D-11
<cross-s.>      3.02      3.89720000D+00    117.91   96    1
 2.81852D-10
<cross-s.>      3.02      4.10232000D+00    117.91   96    1
 1.55648D-09
<cross-s.>      3.02      4.61511000D+00    117.91   96    1
 6.17585D-08
<cross-s.>      3.02      5.12790000D+00    117.91   96    1
 1.26659D-06
<cross-s.>      3.02      5.64069000D+00    117.91   96    1
 1.58460D-05
<cross-s.>      3.02      6.15348000D+00    117.91   96    1
 1.35613D-04
<cross-s.>      3.02      6.66627000D+00    117.91   96    1
 8.61281D-04
<cross-s.>      3.02      7.17906000D+00    117.91   96    1
 4.30748D-03
<cross-s.>      3.02      7.69185000D+00    117.91   96    1
 1.77327D-02
<cross-s.>      3.02      8.20464000D+00    117.91   96    1
 6.21534D-02
<cross-s.>      3.02      8.71743000D+00    117.91   96    1
 1.90399D-01
<cross-s.>      3.02      9.23022000D+00    117.91   96    1
 5.20343D-01
<cross-s.>      4.00      4.13690000D-01    116.91   96    1
 3.45356D-67
<cross-s.>      4.00      5.17120000D-01    116.91   96    1
 1.43436D-53
<cross-s.>      4.00      6.20540000D-01    116.91   96    1
 5.59973D-44
<cross-s.>      4.00      7.23970000D-01    116.91   96    1
 7.58683D-66
<cross-s.>      4.00      8.27390000D-01    116.91   96    1
 5.18766D-60
<cross-s.>      4.00      9.30810000D-01    116.91   96    1
 9.16292D-55
<cross-s.>      4.00      1.03424000D+00    116.91   96    1
 1.11754D-50
<cross-s.>      4.00      1.13766000D+00    116.91   96    1
 3.61293D-47
<cross-s.>      4.00      1.24108000D+00    116.91   96    1
 4.87890D-44
<cross-s.>      4.00      1.34451000D+00    116.91   96    1
 2.33638D-41
<cross-s.>      4.00      1.44793000D+00    116.91   96    1
 6.22864D-39
<cross-s.>      4.00      1.55136000D+00    116.91   96    1
 8.37704D-37
<cross-s.>      4.00      1.65478000D+00    116.91   96    1
 3.10778D-34
<cross-s.>      4.00      1.75820000D+00    116.91   96    1
 1.86993D-32
<cross-s.>      4.00      1.86163000D+00    116.91   96    1
 7.65256D-31
<cross-s.>      4.00      1.96505000D+00    116.91   96    1
 1.50970D-29
<cross-s.>      4.00      2.06848000D+00    116.91   96    1
 2.68842D-28
<cross-s.>      4.00      2.27532000D+00    116.91   96    1
 6.16167D-26
<cross-s.>      4.00      2.48217000D+00    116.91   96    1
 7.51137D-24
<cross-s.>      4.00      2.68902000D+00    116.91   96    1
 3.64148D-22
<cross-s.>      4.00      2.89587000D+00    116.91   96    1
 1.24477D-20
<cross-s.>      4.00      3.10271000D+00    116.91   96    1
 2.76710D-19
<cross-s.>      4.00      3.30956000D+00    116.91   96    1
 4.33339D-18
<cross-s.>      4.00      3.51641000D+00    116.91   96    1
 5.41297D-17
<cross-s.>      4.00      3.72326000D+00    116.91   96    1
 6.10103D-16
<cross-s.>      4.00      3.93010000D+00    116.91   96    1
 5.53239D-15
<cross-s.>      4.00      4.13695000D+00    116.91   96    1
 4.82890D-14
<cross-s.>      4.00      4.65407000D+00    116.91   96    1
 8.33361D-12
<cross-s.>      4.00      5.17119000D+00    116.91   96    1
 9.16881D-10
<cross-s.>      4.00      5.68831000D+00    116.91   96    1
 5.16038D-08
<cross-s.>      4.00      6.20543000D+00    116.91   96    1
 1.01634D-06
<cross-s.>      4.00      6.72254000D+00    116.91   96    1
 8.59665D-06
<cross-s.>      4.00      7.23966000D+00    116.91   96    1
 5.45014D-05
<cross-s.>      4.00      7.75678000D+00    116.91   96    1
 3.07488D-04
<cross-s.>      4.00      8.27390000D+00    116.91   96    1
 1.59593D-03
<cross-s.>      4.00      8.79102000D+00    116.91   96    1
 7.77018D-03
<cross-s.>      4.00      9.30814000D+00    116.91   96    1
 3.64327D-02
<cross-s.>      4.00      9.82526000D+00    116.91   96    1
 1.71178D-01
<cross-s.>      4.00      1.03423700D+01    116.91   96    1
 9.21339D-01
<cross-s.>      4.00      1.08594900D+01    116.91   96    1
 6.87438D+00
<cross-s.>      4.00      1.13766100D+01    116.91   96    1
 2.23582D+01
<cross-s.>      4.00      1.18937300D+01    116.91   96    1
 4.79000D+01
<cross-s.>      4.00      1.24108500D+01    116.91   96    1
 9.10419D+01
<cross-s.>      4.00      1.29279700D+01    116.91   96    1
 1.60045D+02
<cross-s.>      4.00      1.34450900D+01    116.91   96    1
 2.53466D+02
<cross-s.>      4.00      1.39622000D+01    116.91   96    1
 3.56800D+02
<cross-s.>      4.00      1.44793200D+01    116.91   96    1
 4.54029D+02
<cross-s.>      4.00      1.49964400D+01    116.91   96    1
 5.48514D+02
<cross-s.>      4.00      1.55135600D+01    116.91   96    1
 6.38349D+02
<cross-s.>      4.00      1.60306800D+01    116.91   96    1
 7.23254D+02
<cross-s.>      4.00      1.65478000D+01    116.91   96    1
 8.02700D+02
<cross-s.>      4.00      1.70649200D+01    116.91   96    1
 8.76689D+02
<cross-s.>      4.00      1.75820400D+01    116.91   96    1
 9.46079D+02
<cross-s.>      4.00      1.80991600D+01    116.91   96    1
 1.01122D+03
<cross-s.>      4.00      1.86162700D+01    116.91   96    1
 1.07195D+03
<cross-s.>      4.00      1.91333900D+01    116.91   96    1
 1.12884D+03
<cross-s.>      4.00      1.96505100D+01    116.91   96    1
 1.18285D+03
<cross-s.>      4.00      2.01676300D+01    116.91   96    1
 1.23417D+03
<cross-s.>      4.00      2.06847500D+01    116.91   96    1
 1.28278D+03
<cross-s.>      4.00      2.17189900D+01    116.91   96    1
 1.37305D+03
