 1.00000E-11 9.64222E-01
 2.53000E-08 9.64222E-01
 1.00000E-06 9.64222E-01
 1.00000E-05 9.64222E-01
 1.00000E-04 9.64222E-01
 2.00000E-04 9.64222E-01
 5.00000E-04 9.64222E-01
 1.00000E-03 9.64222E-01
 2.00000E-03 9.64222E-01
 5.00000E-03 9.64222E-01
 1.00000E-02 9.64222E-01
 2.00000E-02 9.64222E-01
 5.00000E-02 9.64222E-01
 1.00000E-01 9.64222E-01
 2.00000E-01 9.64222E-01
 5.00000E-01 9.64222E-01
 8.00000E-01 9.64222E-01
 1.00000E+00 9.64222E-01
 1.20000E+00 9.64222E-01
 1.40000E+00 9.64222E-01
 1.60000E+00 9.64222E-01
 1.80000E+00 9.64222E-01
 2.00000E+00 9.64222E-01
 2.50000E+00 9.64222E-01
 3.00000E+00 9.64222E-01
 3.50000E+00 9.64222E-01
 4.00000E+00 9.64222E-01
 5.00000E+00 9.64222E-01
 6.00000E+00 9.64222E-01
 7.00000E+00 9.64222E-01
 8.00000E+00 9.64222E-01
 9.00000E+00 9.64222E-01
 1.00000E+01 9.64222E-01
 1.20000E+01 9.64222E-01
 1.40000E+01 9.64222E-01
 1.60000E+01 9.64222E-01
 1.80000E+01 9.64222E-01
 2.00000E+01 9.64222E-01
