 6.17020E+00 1.35495E+00
 6.17020E+00 1.35495E+00
 6.17021E+00 1.35495E+00
 6.17030E+00 1.35495E+00
 6.17040E+00 1.35495E+00
 6.17070E+00 1.35495E+00
 6.17120E+00 1.35495E+00
 6.17220E+00 1.35495E+00
 6.17520E+00 1.35495E+00
 6.18020E+00 1.35495E+00
 6.19020E+00 1.35495E+00
 6.22020E+00 1.35495E+00
 6.27020E+00 1.35495E+00
 6.37020E+00 1.35495E+00
 6.67020E+00 1.35495E+00
 6.97020E+00 1.35495E+00
 7.17020E+00 1.35495E+00
 7.37020E+00 1.35495E+00
 7.57020E+00 1.35495E+00
 7.77020E+00 1.35495E+00
 7.97020E+00 1.35495E+00
 8.17020E+00 1.35495E+00
 8.67020E+00 1.35495E+00
 9.17020E+00 1.35495E+00
 9.67020E+00 1.35495E+00
 1.01702E+01 1.35495E+00
 1.11702E+01 1.35495E+00
 1.21702E+01 1.35495E+00
 1.31702E+01 1.35495E+00
 1.41702E+01 1.35495E+00
 1.51702E+01 1.35495E+00
 1.61702E+01 1.35495E+00
 1.81702E+01 1.35495E+00
 2.01702E+01 1.35495E+00
 2.21702E+01 1.35495E+00
 2.41702E+01 1.35495E+00
 2.61702E+01 1.35495E+00
