 5.012000+4 1.188722+2          1          0          1          0504914 51    0
                                                                  504914  0    0
 5.012000+4 1.188722+2          1          0          1          0504914 52    0
                                                                  504914  0    0
 5.012000+4 1.188722+2          1          0          3          0504914 53    0
                                                                  504914  0    0
 5.012000+4 1.188722+2          1          0          1          0504914 54    0
                                                                  504914  0    0
 5.012000+4 1.188722+2          1          0          3          0504914 55    0
                                                                  504914  0    0
 5.012000+4 1.188722+2          1          0          1          0504914 56    0
                                                                  504914  0    0
 5.012000+4 1.188722+2          1          0          2          0504914 57    0
                                                                  504914  0    0
 5.012000+4 1.188722+2          1          0          4          0504914 58    0
                                                                  504914  0    0
 5.012000+4 1.188722+2          1          0          2          0504914 59    0
                                                                  504914  0    0
 5.012000+4 1.188722+2          1          0          1          0504914 60    0
                                                                  504914  0    0
 5.012000+4 1.188722+2          1          0          4          0504914 61    0
                                                                  504914  0    0
 5.012000+4 1.188722+2          1          0          2          0504914 62    0
                                                                  504914  0    0
 5.012000+4 1.188722+2          1          0          1          0504914 63    0
                                                                  504914  0    0
 5.012000+4 1.188722+2          1          0          4          0504914 64    0
                                                                  504914  0    0
 5.012000+4 1.188722+2          1          0          1          0504914 65    0
                                                                  504914  0    0
 5.012000+4 1.188722+2          1          0          4          0504914 66    0
                                                                  504914  0    0
 5.012000+4 1.188722+2          1          0          3          0504914 67    0
                                                                  504914  0    0
 5.012000+4 1.188722+2          1          0          4          0504914 68    0
                                                                  504914  0    0
 5.012000+4 1.188722+2          1          0          2          0504914 69    0
                                                                  504914  0    0
 5.012000+4 1.188722+2          1          0          2          0504914 70    0
                                                                  504914  0    0
 5.012000+4 1.188722+2          1          0          2          0504914 71    0
                                                                  504914  0    0
 5.012000+4 1.188722+2          1          0          4          0504914 72    0
                                                                  504914  0    0
 5.012000+4 1.188722+2          1          0          1          0504914 73    0
                                                                  504914  0    0
 5.012000+4 1.188722+2          1          0          4          0504914 74    0
                                                                  504914  0    0
 5.012000+4 1.188722+2          1          0          2          0504914 75    0
                                                                  504914  0    0
 5.012000+4 1.188722+2          1          0          1          0504914 76    0
                                                                  504914  0    0
 5.012000+4 1.188722+2          1          0          2          0504914 77    0
                                                                  504914  0    0
 5.012000+4 1.188722+2          1          0          1          0504914 78    0
                                                                  504914  0    0
 5.012000+4 1.188722+2          1          0          1          0504914 79    0
                                                                  504914  0    0
 5.012000+4 1.188722+2          1          0          2          0504914 80    0
                                                                  504914  0    0
                                                                  5049 0  0    0
