 5.012000+4 1.188722+2          0          0          2          15049 8 16    0
 5.011900+4 0.000000+0         10          0          0          05049 8 16    0
 5.011900+4 8.953100+4         10          2          0          05049 8 16    0
                                                                  5049 8  0    0
 5.012000+4 1.188722+2          0          0          2          15049 8 28    0
 4.911900+4 0.000000+0         10          0          0          05049 8 28    0
 4.911900+4 3.113700+5         10          1          0          05049 8 28    0
                                                                  5049 8  0    0
 5.012000+4 1.188722+2          0          0          2          15049 8102    0
 5.012100+4 0.000000+0          9          0          0          05049 8102    0
 5.012100+4 6.310000+3          9          1          0          05049 8102    0
                                                                  5049 8  0    0
 5.012000+4 1.188722+2          0          0          3          15049 8103    0
 4.912000+4 0.000000+0         10          0          0          05049 8103    0
 4.912000+4 7.000000+4         10          1          0          05049 8103    0
 4.912000+4 4.000000+5         10          2          0          05049 8103    0
                                                                  5049 8  0    0
 5.012000+4 1.188722+2          0          0          2          15049 8104    0
 4.911900+4 0.000000+0         10          0          0          05049 8104    0
 4.911900+4 3.113700+5         10          1          0          05049 8104    0
                                                                  5049 8  0    0
 5.012000+4 1.188722+2          0          0          3          15049 8105    0
 4.911800+4 0.000000+0         10          0          0          05049 8105    0
 4.911800+4 6.000000+4         10          1          0          05049 8105    0
 4.911800+4 2.000000+5         10          3          0          05049 8105    0
                                                                  5049 8  0    0
 5.012000+4 1.188722+2          0          0          2          15049 8107    0
 4.811700+4 0.000000+0         10          0          0          05049 8107    0
 4.811700+4 1.364000+5         10          2          0          05049 8107    0
                                                                  5049 8  0    0
                                                                  5049 0  0    0
