<cross-s.>      1.01      1.00400000D-03    238.05    0    3
 1.57012D+04
 4.88320D+03
 1.08180D+04
<cross-s.>      1.01      2.00800000D-03    238.05    0    3
 1.43753D+04
 3.58930D+03
 1.07860D+04
<cross-s.>      1.01      5.02100000D-03    238.05    0    3
 1.32402D+04
 2.53257D+03
 1.07077D+04
<cross-s.>      1.01      1.00400000D-02    238.05    0    3
 1.26984D+04
 2.10315D+03
 1.05953D+04
<cross-s.>      1.01      2.00800000D-02    238.05    0    3
 1.23268D+04
 1.93079D+03
 1.03960D+04
<cross-s.>      1.01      5.02100000D-02    238.05    0    3
 1.19338D+04
 2.05670D+03
 9.87714D+03
<cross-s.>      1.01      1.00420000D-01    238.05    0    3
 1.15329D+04
 2.38976D+03
 9.14311D+03
<cross-s.>      1.01      2.00850000D-01    238.05    0    3
 1.07408D+04
 2.78719D+03
 7.95364D+03
<cross-s.>      1.01      3.01270000D-01    238.05    0    3
 9.89092D+03
 2.90462D+03
 6.98630D+03
<cross-s.>      1.01      4.01690000D-01    238.05    0    3
 9.04662D+03
 2.88757D+03
 6.15905D+03
<cross-s.>      1.01      5.02120000D-01    238.05    0    3
 8.27323D+03
 2.83304D+03
 5.44019D+03
<cross-s.>      1.01      6.02540000D-01    238.05    0    3
 7.62364D+03
 2.80171D+03
 4.82193D+03
<cross-s.>      1.01      7.02970000D-01    238.05    0    3
 7.12636D+03
 2.82502D+03
 4.30135D+03
<cross-s.>      1.01      8.03390000D-01    238.05    0    3
 6.79862D+03
 2.91858D+03
 3.88004D+03
<cross-s.>      1.01      9.03810000D-01    238.05    0    3
 6.64473D+03
 3.08225D+03
 3.56248D+03
<cross-s.>      1.01      1.00424000D+00    238.05    0    3
 6.64299D+03
 3.29384D+03
 3.34915D+03
<cross-s.>      1.01      1.10466000D+00    238.05    0    3
 6.74886D+03
 3.51419D+03
 3.23467D+03
<cross-s.>      1.01      1.20508000D+00    238.05    0    3
 6.90580D+03
 3.70112D+03
 3.20468D+03
<cross-s.>      1.01      1.30551000D+00    238.05    0    3
 7.06655D+03
 3.82763D+03
 3.23893D+03
<cross-s.>      1.01      1.40593000D+00    238.05    0    3
 7.20642D+03
 3.88881D+03
 3.31760D+03
<cross-s.>      1.01      1.50636000D+00    238.05    0    3
 7.31976D+03
 3.89460D+03
 3.42516D+03
<cross-s.>      1.01      1.60678000D+00    238.05    0    3
 7.41030D+03
 3.85951D+03
 3.55080D+03
<cross-s.>      1.01      1.70720000D+00    238.05    0    3
 7.48301D+03
 3.79646D+03
 3.68654D+03
<cross-s.>      1.01      1.80763000D+00    238.05    0    3
 7.54191D+03
 3.71551D+03
 3.82640D+03
<cross-s.>      1.01      1.90805000D+00    238.05    0    3
 7.59023D+03
 3.62429D+03
 3.96595D+03
<cross-s.>      1.01      2.00847000D+00    238.05    0    3
 7.63080D+03
 3.52891D+03
 4.10190D+03
<cross-s.>      1.01      2.20932000D+00    238.05    0    3
 7.69797D+03
 3.34211D+03
 4.35586D+03
<cross-s.>      1.01      2.41017000D+00    238.05    0    3
 7.75741D+03
 3.17606D+03
 4.58135D+03
<cross-s.>      1.01      2.61102000D+00    238.05    0    3
 7.81283D+03
 3.03611D+03
 4.77671D+03
<cross-s.>      1.01      2.81186000D+00    238.05    0    3
 7.86298D+03
 2.92090D+03
 4.94208D+03
<cross-s.>      1.01      3.01271000D+00    238.05    0    3
 7.90485D+03
 2.82703D+03
 5.07782D+03
<cross-s.>      1.01      3.21356000D+00    238.05    0    3
 7.93558D+03
 2.75156D+03
 5.18402D+03
<cross-s.>      1.01      3.41441000D+00    238.05    0    3
 7.95314D+03
 2.69169D+03
 5.26145D+03
<cross-s.>      1.01      3.61525000D+00    238.05    0    3
 7.95596D+03
 2.64511D+03
 5.31085D+03
<cross-s.>      1.01      3.81610000D+00    238.05    0    3
 7.94458D+03
 2.61036D+03
 5.33422D+03
<cross-s.>      1.01      4.01695000D+00    238.05    0    3
 7.91856D+03
 2.58565D+03
 5.33291D+03
<cross-s.>      1.01      4.51907000D+00    238.05    0    3
 7.79963D+03
 2.56266D+03
 5.23696D+03
<cross-s.>      1.01      5.02119000D+00    238.05    0    3
 7.62923D+03
 2.59024D+03
 5.03899D+03
<cross-s.>      1.01      4.01690000D-01    238.05   91    1
 3.71118D-46
<cross-s.>      1.01      5.02120000D-01    238.05   91    1
 1.01083D-39
<cross-s.>      1.01      6.02540000D-01    238.05   91    1
 5.55775D-35
<cross-s.>      1.01      7.02960000D-01    238.05   91    1
 2.64261D-31
<cross-s.>      1.01      8.03390000D-01    238.05   91    1
 6.54861D-28
<cross-s.>      1.01      9.03810000D-01    238.05   91    1
 1.95645D-25
<cross-s.>      1.01      1.00423000D+00    238.05   91    1
 2.28167D-23
<cross-s.>      1.01      1.10466000D+00    238.05   91    1
 1.36020D-21
<cross-s.>      1.01      1.20508000D+00    238.05   91    1
 4.78011D-20
<cross-s.>      1.01      1.30550000D+00    238.05   91    1
 1.09918D-18
<cross-s.>      1.01      1.40593000D+00    238.05   91    1
 1.78733D-17
<cross-s.>      1.01      1.50635000D+00    238.05   91    1
 2.17872D-16
<cross-s.>      1.01      1.60677000D+00    238.05   91    1
 2.08486D-15
<cross-s.>      1.01      1.70720000D+00    238.05   91    1
 1.62422D-14
<cross-s.>      1.01      1.80762000D+00    238.05   91    1
 1.06006D-13
<cross-s.>      1.01      1.90804000D+00    238.05   91    1
 5.93574D-13
<cross-s.>      1.01      2.00847000D+00    238.05   91    1
 2.90779D-12
<cross-s.>      1.01      2.20931000D+00    238.05   91    1
 4.96693D-11
<cross-s.>      4.00      8.13620000D-01    235.05  180    1
 3.44560D-68
<cross-s.>      4.00      9.15330000D-01    235.05  180    1
 9.59955D-59
<cross-s.>      4.00      1.01703000D+00    235.05  180    1
 8.17830D-51
<cross-s.>      4.00      1.11873000D+00    235.05  180    1
 8.38182D-74
<cross-s.>      4.00      1.22043000D+00    235.05  180    1
 2.54587D-67
<cross-s.>      4.00      1.32214000D+00    235.05  180    1
 3.82388D-62
<cross-s.>      4.00      1.42384000D+00    235.05  180    1
 3.22846D-57
<cross-s.>      4.00      1.52554000D+00    235.05  180    1
 7.02651D-53
<cross-s.>      4.00      1.62725000D+00    235.05  180    1
 3.33925D-49
<cross-s.>      4.00      1.72895000D+00    235.05  180    1
 1.34722D-45
<cross-s.>      4.00      1.83065000D+00    235.05  180    1
 6.19395D-72
<cross-s.>      4.00      1.93236000D+00    235.05  180    1
 4.85372D-69
<cross-s.>      4.00      2.03406000D+00    235.05  180    1
 1.84765D-66
<cross-s.>      4.00      2.23746000D+00    235.05  180    1
 1.40556D-61
<cross-s.>      4.00      2.44087000D+00    235.05  180    1
 2.35613D-57
<cross-s.>      4.00      2.64428000D+00    235.05  180    1
 1.27330D-53
<cross-s.>      4.00      2.84768000D+00    235.05  180    1
 2.88436D-50
<cross-s.>      4.00      3.05109000D+00    235.05  180    1
 1.70660D-47
<cross-s.>      4.00      3.25449000D+00    235.05  180    1
 8.31052D-45
<cross-s.>      4.00      3.45790000D+00    235.05  180    1
 1.63792D-42
<cross-s.>      4.00      3.66130000D+00    235.05  180    1
 1.22212D-40
<cross-s.>      4.00      3.86471000D+00    235.05  180    1
 1.88000D-38
<cross-s.>      4.00      4.06812000D+00    235.05  180    1
 7.26453D-36
<cross-s.>      4.00      4.57663000D+00    235.05  180    1
 6.37761D-32
<cross-s.>      4.00      5.08514000D+00    235.05  180    1
 1.24415D-28
<cross-s.>      4.00      5.59366000D+00    235.05  180    1
 5.66744D-26
<cross-s.>      4.00      6.10217000D+00    235.05  180    1
 1.53426D-23
<cross-s.>      4.00      6.61069000D+00    235.05  180    1
 1.98351D-21
<cross-s.>      4.00      7.11920000D+00    235.05  180    1
 1.34665D-19
<cross-s.>      4.00      7.62772000D+00    235.05  180    1
 6.50218D-18
<cross-s.>      4.00      8.13623000D+00    235.05  180    1
 2.52852D-16
<cross-s.>      4.00      8.64475000D+00    235.05  180    1
 7.00581D-15
<cross-s.>      4.00      9.15326000D+00    235.05  180    1
 1.52196D-13
<cross-s.>      4.00      9.66177000D+00    235.05  180    1
 2.66592D-12
<cross-s.>      4.00      1.01702900D+01    235.05  180    1
 3.55174D-11
