<ine.c.s.>      1.01      1.00000000D+00    238.05    0    4            
 3.65459D+02  1                                                         
 8.11073D+01  2                                                         
 2.29832D+00  3                                                         
 5.03039D-03  4                                                         
<ine.c.s.>      1.01      1.20000000D+00    238.05    0    4            
 3.99810D+02  1                                                         
 9.57206D+01  2                                                         
 5.25171D+00  3                                                         
 2.57681D-02  4                                                         
<ine.c.s.>      1.01      1.40000000D+00    238.05    0    4            
 4.29751D+02  1                                                         
 1.01728D+02  2                                                         
 9.03458D+00  3                                                         
 8.12951D-02  4                                                         
<ine.c.s.>      1.01      1.60000000D+00    238.05    0    4            
 4.50864D+02  1                                                         
 1.01516D+02  2                                                         
 1.28609D+01  3                                                         
 1.92506D-01  4                                                         
<ine.c.s.>      1.01      1.80000000D+00    238.05    0    4            
 4.60817D+02  1                                                         
 9.74358D+01  2                                                         
 1.62214D+01  3                                                         
 3.81090D-01  4                                                         
<ine.c.s.>      1.01      2.00000000D+00    238.05    0    4            
 4.60533D+02  1                                                         
 9.17657D+01  2                                                         
 1.88784D+01  3                                                         
 6.65589D-01  4                                                         
<ine.c.s.>      1.01      2.20000000D+00    238.05    0    4            
 4.52997D+02  1                                                         
 8.62085D+01  2                                                         
 2.06737D+01  3                                                         
 1.04981D+00  4                                                         
<ine.c.s.>      1.01      2.40000000D+00    238.05    0    4            
 4.41574D+02  1                                                         
 8.16594D+01  2                                                         
 2.15508D+01  3                                                         
 1.51172D+00  4                                                         
<ine.c.s.>      1.01      2.60000000D+00    238.05    0    4            
 4.28571D+02  1                                                         
 7.82062D+01  2                                                         
 2.15880D+01  3                                                         
 2.00389D+00  4                                                         
<ine.c.s.>      1.01      2.80000000D+00    238.05    0    4            
 4.15229D+02  1                                                         
 7.56436D+01  2                                                         
 2.09818D+01  3                                                         
 2.46535D+00  4                                                         
<ine.c.s.>      1.01      3.00000000D+00    238.05    0    4            
 4.02099D+02  1                                                         
 7.36862D+01  2                                                         
 1.99756D+01  3                                                         
 2.84233D+00  4                                                         
<ine.c.s.>      1.01      3.20000000D+00    238.05    0    4            
 4.08424D+02  1                                                         
 8.20831D+01  2                                                         
 2.12455D+01  3                                                         
 3.71280D+00  4                                                         
<ine.c.s.>      1.01      3.40000000D+00    238.05    0    4            
 3.93148D+02  1                                                         
 7.98414D+01  2                                                         
 1.97403D+01  3                                                         
 3.88285D+00  4                                                         
<ine.c.s.>      1.01      3.60000000D+00    238.05    0    4            
 3.78691D+02  1                                                         
 7.76372D+01  2                                                         
 1.83416D+01  3                                                         
 3.92319D+00  4                                                         
<ine.c.s.>      1.01      3.80000000D+00    238.05    0    4            
 3.65230D+02  1                                                         
 7.55030D+01  2                                                         
 1.71109D+01  3                                                         
 3.87017D+00  4                                                         
<ine.c.s.>      1.01      4.00000000D+00    238.05    0    4            
 3.52832D+02  1                                                         
 7.34654D+01  2                                                         
 1.60606D+01  3                                                         
 3.76385D+00  4                                                         
<ine.c.s.>      1.01      4.20000000D+00    238.05    0    4            
 3.41586D+02  1                                                         
 7.15669D+01  2                                                         
 1.51887D+01  3                                                         
 3.63765D+00  4                                                         
<ine.c.s.>      1.01      4.40000000D+00    238.05    0    4            
 3.31514D+02  1                                                         
 6.98332D+01  2                                                         
 1.44786D+01  3                                                         
 3.51425D+00  4                                                         
<ine.c.s.>      1.01      4.60000000D+00    238.05    0    4            
 3.22648D+02  1                                                         
 6.82844D+01  2                                                         
 1.39117D+01  3                                                         
 3.40640D+00  4                                                         
<ine.c.s.>      1.01      4.80000000D+00    238.05    0    4            
 3.14967D+02  1                                                         
 6.69210D+01  2                                                         
 1.34670D+01  3                                                         
 3.31767D+00  4                                                         
<ine.c.s.>      1.01      5.00000000D+00    238.05    0    4            
 3.08376D+02  1                                                         
 6.57218D+01  2                                                         
 1.31214D+01  3                                                         
 3.24522D+00  4                                                         
