#  Run  New optimum Rel. to final
     0   1.05674       1.02065    
     2   1.05414       1.01814    
     4   1.03691       1.00150    
    18   1.03578       1.00041    
    51   1.03578       1.00041    
    54   1.03578       1.00041    
    56   1.03577       1.00040    
    57   1.03577       1.00040    
    58   1.03576       1.00039    
    59   1.03574       1.00037    
    60   1.03571       1.00034    
    61   1.03565       1.00028    
    62   1.03555       1.00018    
    63   1.03540       1.00004    
    68   1.03540       1.00004    
    71   1.03540       1.00004    
    73   1.03537       1.00001    
    74   1.03536       1.00000    
