#  Run    GOF  Nb  93
     0   1.05674    
     1   1.08096    
     2   1.05414    
     3   1.13067    
     4   1.03691    
     5   1.08144    
     6   1.13818    
     7   1.04681    
     8   1.04413    
     9   1.18701    
    10   1.19366    
    11   1.12572    
    12   1.13773    
    13   1.12259    
    14   1.03871    
    15   1.04368    
    16   1.11109    
    17   1.08634    
    18   1.03578    
    19   1.07987    
    20   1.09113    
    21   1.12430    
    22   1.11003    
    23   1.12073    
    24   1.07117    
    25   1.08671    
    26   1.04391    
    27   1.11772    
    28   1.08198    
    29   1.05640    
    30   1.17481    
    31   1.08835    
    32   1.04338    
    33   1.05320    
    34   1.08884    
    35   1.21137    
    36   1.06838    
    37   1.10787    
    38   1.13811    
    39   1.05850    
    40   1.12745    
    41   1.03728    
    42   1.07504    
    43   1.03853    
    44   1.05642    
    45   1.08164    
    46   1.03578    
    47   1.03578    
    48   1.03578    
    49   1.03578    
    50   1.03578    
    51   1.03578    
    52   1.03578    
    53   1.03578    
    54   1.03578    
    55   1.03578    
    56   1.03577    
    57   1.03577    
    58   1.03576    
    59   1.03574    
    60   1.03571    
    61   1.03565    
    62   1.03555    
    63   1.03540    
    64   1.03540    
    65   1.03540    
    66   1.03540    
    67   1.03540    
    68   1.03540    
    69   1.03540    
    70   1.03540    
    71   1.03540    
    72   1.03540    
    73   1.03537    
    74   1.03536    
    75   1.03536    
    76   1.03536    
    77   1.03536    
    78   1.03536    
    79   1.03536    
    80   1.03536    
    81   1.03536    
    82   1.03536    
    83   1.03536    
    84   1.03536    
    85   1.03536    
    86   1.03536    
    87   1.03536    
    88   1.03536    
    89   1.03536    
    90   1.03536    
    91   1.03536    
    92   1.03536    
    93   1.03536    
    94   1.03536    
    95   1.03536    
    96   1.03536    
    97   1.03536    
    98   1.03536    
    99   1.03536    
   100   1.03536    
